06/01/20,41.4725,-73.655,10512,0,64,38
06/02/20,41.4725,-73.655,10512,0,63,44
06/03/20,41.4725,-73.655,10512,0,65,54
06/04/20,41.4725,-73.655,10512,0.23,74,57
06/05/20,41.4725,-73.655,10512,0.21,79,65
06/06/20,41.4725,-73.655,10512,0.04,73,67
06/07/20,41.4725,-73.655,10512,0,81,54
06/08/20,41.4725,-73.655,10512,0,70,46
06/01/20,40.77898,-73.96925,10910,0,70,51
06/02/20,40.77898,-73.96925,10910,0,72,59
06/03/20,40.77898,-73.96925,10910,0.45,79,60
06/04/20,40.77898,-73.96925,10910,0.16,84,66
06/05/20,40.77898,-73.96925,10910,0.26,79,69
06/06/20,40.77898,-73.96925,10910,0.06,86,70
06/07/20,40.77898,-73.96925,10910,0,76,63
06/08/20,40.77898,-73.96925,10910,0,79,59
06/01/20,40.63915,-73.76401,11730,0,72,51
06/02/20,40.63915,-73.76401,11730,0,75,54
06/03/20,40.63915,-73.76401,11730,0.55,80,60
06/04/20,40.63915,-73.76401,11730,0.1,83,63
06/05/20,40.63915,-73.76401,11730,0.79,78,64
06/06/20,40.63915,-73.76401,11730,0.16,86,63
06/07/20,40.63915,-73.76401,11730,0,78,63
06/08/20,40.63915,-73.76401,11730,0,78,60
06/01/20,40.77944,-73.88035,11933,0,72,54
06/02/20,40.77944,-73.88035,11933,0,76,63
06/03/20,40.77944,-73.88035,11933,0.19,82,63
06/04/20,40.77944,-73.88035,11933,0.14,88,69
06/05/20,40.77944,-73.88035,11933,0.27,83,69
06/06/20,40.77944,-73.88035,11933,0.11,90,69
06/07/20,40.77944,-73.88035,11933,0,78,65
06/08/20,40.77944,-73.88035,11933,0,81,63
06/01/20,40.88345,-73.37309,11954,0,70,46
06/02/20,40.88345,-73.37309,11954,0,69,49
06/03/20,40.88345,-73.37309,11954,0,72,58
06/04/20,40.88345,-73.37309,11954,0.42,79,63
06/05/20,40.88345,-73.37309,11954,0.23,86,64
06/06/20,40.88345,-73.37309,11954,0.22,78,65
06/07/20,40.88345,-73.37309,11954,0.1,89,60
06/08/20,40.88345,-73.37309,11954,0,75,54
06/01/20,41.3325,-73.837,12095,0,70,40
06/02/20,41.3325,-73.837,12095,0,69,41
06/03/20,41.3325,-73.837,12095,0.06,71,46
06/04/20,41.3325,-73.837,12095,0.42,79,56
06/05/20,41.3325,-73.837,12095,0.15,85,59
06/06/20,41.3325,-73.837,12095,0,77,67
06/07/20,41.3325,-73.837,12095,0,89,55
06/08/20,41.3325,-73.837,12095,0,76,51
06/01/20,40.73417,-73.41694,12108,0,71,49
06/02/20,40.73417,-73.41694,12108,0,76,56
06/03/20,40.73417,-73.41694,12108,0.52,82,63
06/04/20,40.73417,-73.41694,12108,0,85,65
06/05/20,40.73417,-73.41694,12108,0.35,80,67
06/06/20,40.73417,-73.41694,12108,0.46,86,66
06/07/20,40.73417,-73.41694,12108,0,78,63
06/08/20,40.73417,-73.41694,12108,0,80,59
06/01/20,40.933,-73.0191,12108,0,69,44
06/02/20,40.933,-73.0191,12108,0.01,71,51
06/03/20,40.933,-73.0191,12108,0.05,79,63
06/04/20,40.933,-73.0191,12108,0.31,84,71
06/05/20,40.933,-73.0191,12108,0.12,86,73
06/06/20,40.933,-73.0191,12108,0.13,90,77
06/07/20,40.933,-73.0191,12108,0,83,62
06/01/20,40.79388,-73.10189,12108,0,69,44
06/02/20,40.79388,-73.10189,12117,0,73,53
06/03/20,40.79388,-73.10189,12117,0.34,80,61
06/04/20,40.79388,-73.10189,12117,0,84,61
06/05/20,40.79388,-73.10189,12117,0.33,79,65
06/06/20,40.79388,-73.10189,12117,0.11,82,65
06/07/20,40.79388,-73.10189,12117,0,76,57
06/08/20,40.79388,-73.10189,12117,0,79,55
06/01/20,40.8216,-73.4908,12117,0,63,48
06/02/20,40.8216,-73.4908,12122,0,68,50
06/03/20,40.8216,-73.4908,12122,0.08,73,60
06/04/20,40.8216,-73.4908,12122,0.3,78,62
06/05/20,40.8216,-73.4908,12122,0.33,83,62
06/06/20,40.8216,-73.4908,12122,0.3,79,64
06/07/20,40.8216,-73.4908,12122,0.4,86,59
06/08/20,40.8216,-73.4908,12122,0,86,51
06/01/20,40.7211,-73.0908,12122,0,70,46
06/03/20,40.7211,-73.0908,12138,0,68,62
06/01/20,40.96245,-72.71612,12138,0,66,51
06/02/20,40.96245,-72.71612,12138,0,70,51
06/03/20,40.96245,-72.71612,12138,0,80,61
06/04/20,40.96245,-72.71612,12138,0.4,83,60
06/05/20,40.96245,-72.71612,12138,0.04,81,66
06/06/20,40.96245,-72.71612,12138,0.09,85,65
06/07/20,40.96245,-72.71612,12138,0,80,61
06/08/20,40.96245,-72.71612,12139,0,78,58
06/01/20,40.952,-72.2977,12139,0,69,41
06/02/20,40.952,-72.2977,12139,0.01,67,45
06/03/20,40.952,-72.2977,12139,0,72,50
06/04/20,40.952,-72.2977,12139,0.1,79,60
06/05/20,40.952,-72.2977,12139,0.07,79,62
06/07/20,40.952,-72.2977,12139,0,80,60
06/08/20,40.952,-72.2977,12139,0,75,48
06/01/20,40.93446,-72.74079,12139,0,68,44
06/02/20,40.93446,-72.74079,12139,0,68,46
06/03/20,40.93446,-72.74079,12139,0,75,60
06/04/20,40.93446,-72.74079,12139,0.24,82,59
06/05/20,40.93446,-72.74079,12139,0.07,84,65
06/06/20,40.93446,-72.74079,12139,0.11,82,65
06/07/20,40.93446,-72.74079,12139,0,87,61
06/08/20,40.93446,-72.74079,12139,0,74,48
06/01/20,40.98849,-72.51034,12139,0,69,43
06/02/20,40.98849,-72.51034,12139,0,70,48
06/03/20,40.98849,-72.51034,12139,0.18,79,58
06/04/20,40.98849,-72.51034,12139,0,79,59
06/05/20,40.98849,-72.51034,12139,0.16,77,63
06/06/20,40.98849,-72.51034,12139,0.05,80,62
06/07/20,40.98849,-72.51034,12139,0,75,54
06/08/20,40.98849,-72.51034,12139,0,79,51
06/01/20,41.07306,-71.92333,12155,0,65,46
06/02/20,41.07306,-71.92333,12155,0,70,49
06/03/20,41.07306,-71.92333,12155,0.19,76,60
06/04/20,41.07306,-71.92333,12155,0,77,63
06/05/20,41.07306,-71.92333,12155,0.14,72,62
06/06/20,41.07306,-71.92333,12155,0.32,76,62
06/07/20,41.07306,-71.92333,12155,0,72,55
06/08/20,41.07306,-71.92333,12155,0,75,52
06/01/20,41.1321,-72.2584,12156,0,69,47
06/02/20,41.1321,-72.2584,12156,0,66,46
06/03/20,41.1321,-72.2584,12156,0,70,52
06/04/20,41.1321,-72.2584,12156,0.17,77,62
06/05/20,41.1321,-72.2584,12156,0.05,80,63
06/06/20,41.1321,-72.2584,12156,0.14,77,66
06/07/20,41.1321,-72.2584,12156,0.05,81,61
06/08/20,41.1321,-72.2584,12156,0,73,56
06/01/20,40.82167,-72.86889,12186,0,70,43
06/02/20,40.82167,-72.86889,12186,0.01,75,51
06/03/20,40.82167,-72.86889,12186,0.38,78,62
06/04/20,40.82167,-72.86889,12186,0,85,61
06/05/20,40.82167,-72.86889,12186,0.27,79,64
06/06/20,40.82167,-72.86889,12186,0.49,82,66
06/07/20,40.82167,-72.86889,12186,0,76,56
06/08/20,40.82167,-72.86889,12186,0,78,52
06/01/20,40.8656,-72.8643,12190,0,68,42
06/02/20,40.8656,-72.8643,12190,0,66,48
06/03/20,40.8656,-72.8643,12190,0.01,70,59
06/04/20,40.8656,-72.8643,12190,0.15,77,57
06/05/20,40.8656,-72.8643,12190,0.11,82,64
06/06/20,40.8656,-72.8643,12190,0.43,78,64
06/07/20,40.8656,-72.8643,12190,0,82,59
06/08/20,40.8656,-72.8643,12190,0,74,50
06/01/20,40.84361,-72.63222,12409,0,68,33
06/02/20,40.84361,-72.63222,12409,0,74,39
06/03/20,40.84361,-72.63222,12409,0.2,78,59
06/04/20,40.84361,-72.63222,12409,0,80,53
06/05/20,40.84361,-72.63222,12409,0.28,78,63
06/06/20,40.84361,-72.63222,12409,0.19,80,63
06/07/20,40.84361,-72.63222,12409,0,76,47
06/08/20,40.84361,-72.63222,12409,0,77,41
06/01/20,42.9361,-73.43257,12424,0,61,35
06/02/20,42.9361,-73.43257,12424,0.02,63,40
06/03/20,42.9361,-73.43257,12424,0,69,47
06/04/20,42.9361,-73.43257,12424,0,79,55
06/05/20,42.9361,-73.43257,12424,0,85,62
06/06/20,42.9361,-73.43257,12424,0,85,64
06/07/20,42.9361,-73.43257,12424,0,85,48
06/08/20,42.9361,-73.43257,12424,0,71,41
06/01/20,42.66717,-74.44239,12463,0,58,30
06/02/20,42.66717,-74.44239,12463,0,60,32
06/03/20,42.66717,-74.44239,12463,0.07,63,44
06/04/20,42.66717,-74.44239,12463,0,75,52
06/05/20,42.66717,-74.44239,12463,0.04,81,48
06/06/20,42.66717,-74.44239,12463,0,82,53
06/07/20,42.66717,-74.44239,12463,0,79,48
06/08/20,42.66717,-74.44239,12463,0,70,35
06/01/20,42.4697,-73.9267,12464,0,59,40
06/02/20,42.4697,-73.9267,12464,0.01,62,42
06/03/20,42.4697,-73.9267,12464,0.06,65,51
06/04/20,42.4697,-73.9267,12464,0,78,54
06/05/20,42.4697,-73.9267,12464,0,84,62
06/06/20,42.4697,-73.9267,12464,0,82,63
06/07/20,42.4697,-73.9267,12464,0,81,56
06/08/20,42.4697,-73.9267,12464,0,70,51
06/01/20,42.7672,-74.1711,12502,0,66,38
06/02/20,42.7672,-74.1711,12502,0,68,42
06/03/20,42.7672,-74.1711,12502,0,71,52
06/04/20,42.7672,-74.1711,12502,0,80,54
06/05/20,42.7672,-74.1711,12502,0,87,59
06/06/20,42.7672,-74.1711,12502,0.32,88,63
06/07/20,42.7672,-74.1711,12502,0,85,52
06/08/20,42.7672,-74.1711,12502,0,74,49
06/01/20,43.115,-74.4236,12534,0,53,34
06/02/20,43.115,-74.4236,12534,0.01,56,38
06/03/20,43.115,-74.4236,12534,0.04,62,46
06/04/20,43.115,-74.4236,12534,0,68,53
06/05/20,43.115,-74.4236,12534,0.02,80,57
06/06/20,43.115,-74.4236,12534,0.04,81,62
06/07/20,43.115,-74.4236,12534,0,77,48
06/08/20,43.115,-74.4236,12534,0,67,46
06/01/20,41.06236,-73.70463,12546,0,68,42
06/02/20,41.06236,-73.70463,12546,0,71,52
06/03/20,41.06236,-73.70463,12546,0.55,79,59
06/04/20,41.06236,-73.70463,12546,0,84,62
06/05/20,41.06236,-73.70463,12546,0.51,75,66
06/06/20,41.06236,-73.70463,12546,0.01,86,61
06/07/20,41.06236,-73.70463,12546,0,74,55
06/08/20,41.06236,-73.70463,12546,0,77,51
06/01/20,42.74722,-73.79912,12580,0,68,41
06/02/20,42.74722,-73.79912,12580,0.03,71,45
06/03/20,42.74722,-73.79912,12580,0,81,58
06/04/20,42.74722,-73.79912,12580,0,90,59
06/05/20,42.74722,-73.79912,12580,0.07,85,71
06/06/20,42.74722,-73.79912,12580,0,86,60
06/07/20,42.74722,-73.79912,12580,0,75,54
06/08/20,42.74722,-73.79912,12580,0,81,49
06/01/20,42.665,-74.3036,12758,0,60,40
06/02/20,42.665,-74.3036,12758,0,66,42
06/05/20,42.665,-74.3036,12758,0,84,66
06/06/20,42.665,-74.3036,12758,0,86,66
06/07/20,42.665,-74.3036,12758,0,83,54
06/08/20,42.665,-74.3036,12758,0,74,46
06/01/20,43.0078,-73.6511,12758,0,66,38
06/02/20,43.0078,-73.6511,12758,0,71,42
06/03/20,43.0078,-73.6511,12776,0,81,56
06/04/20,43.0078,-73.6511,12776,0,89,58
06/05/20,43.0078,-73.6511,12776,0,89,65
06/06/20,43.0078,-73.6511,12776,0,88,53
06/07/20,43.0078,-73.6511,12776,0,74,49
06/08/20,43.0078,-73.6511,12776,0,84,45
06/01/20,42.23432,-74.14436,12776,0,58,30
06/02/20,42.23432,-74.14436,12776,0.01,60,36
06/03/20,42.23432,-74.14436,12812,0.06,61,45
06/04/20,42.23432,-74.14436,12812,0,72,49
06/05/20,42.23432,-74.14436,12812,0.02,81,54
06/06/20,42.23432,-74.14436,12812,0,82,56
06/07/20,42.23432,-74.14436,12812,0.01,79,50
06/08/20,42.23432,-74.14436,12812,0,64,37
06/01/20,41.5,-73.9,12812,0,70,41
06/02/20,41.5,-73.9,12812,0,72,47
06/03/20,41.5,-73.9,12819,0,83,58
06/04/20,41.5,-73.9,12819,0,88,63
06/05/20,41.5,-73.9,12819,0,82,67
06/06/20,41.5,-73.9,12819,0,88,59
06/07/20,41.5,-73.9,12819,0,75,51
06/08/20,41.5,-73.9,12819,0,83,48
06/01/20,41.7857,-73.7422,12819,0,67,35
06/02/20,41.7857,-73.7422,12819,0.01,67,40
06/03/20,41.7857,-73.7422,12831,0,80,55
06/04/20,41.7857,-73.7422,12831,0,87,57
06/05/20,41.7857,-73.7422,12831,0.02,83,65
06/06/20,41.7857,-73.7422,12831,0,86,57
06/07/20,41.7857,-73.7422,12831,0,72,49
06/08/20,41.7857,-73.7422,12831,0,78,42
06/01/20,41.50917,-74.265,12831,0,69,38
06/02/20,41.50917,-74.265,12831,0.01,70,44
06/03/20,41.50917,-74.265,12842,0.6,81,53
06/04/20,41.50917,-74.265,12842,0.01,83,56
06/05/20,41.50917,-74.265,12842,0.03,81,64
06/06/20,41.50917,-74.265,12842,0.03,86,60
06/07/20,41.50917,-74.265,12842,0,75,50
06/08/20,41.50917,-74.265,12842,0,79,45
06/01/20,41.7681,-74.155,12842,0,66,42
06/02/20,41.7681,-74.155,12842,0,67,51
06/03/20,41.7681,-74.155,12845,0,79,55
06/04/20,41.7681,-74.155,12845,0,86,61
06/05/20,41.7681,-74.155,12845,0,83,64
06/06/20,41.7681,-74.155,12845,0,85,66
06/07/20,41.7681,-74.155,12845,0,84,54
06/08/20,41.7681,-74.155,12845,0,78,53
06/01/20,41.62574,-73.88156,12845,0,69,39
06/02/20,41.62574,-73.88156,12845,0.01,72,45
06/03/20,41.62574,-73.88156,12845,0.17,80,57
06/04/20,41.62574,-73.88156,12845,0,87,57
06/05/20,41.62574,-73.88156,12845,0.03,82,67
06/06/20,41.62574,-73.88156,12845,0,89,60
06/07/20,41.62574,-73.88156,12845,0,75,50
06/08/20,41.62574,-73.88156,12845,0,80,46
06/01/20,41.8017,-74.74,12845,0,58,34
06/02/20,41.8017,-74.74,12845,0,62,37
06/03/20,41.8017,-74.74,12846,0.18,63,45
06/04/20,41.8017,-74.74,12846,0.81,74,55
06/05/20,41.8017,-74.74,12846,0,80,60
06/06/20,41.8017,-74.74,12846,0,77,58
06/07/20,41.8017,-74.74,12846,0,79,55
06/08/20,41.8017,-74.74,12846,0,73,58
06/01/20,41.82737,-74.95065,12846,0,59,30
06/02/20,41.82737,-74.95065,12846,0,64,39
06/03/20,41.82737,-74.95065,12847,0.14,64,46
06/04/20,41.82737,-74.95065,12847,0.14,76,54
06/05/20,41.82737,-74.95065,12847,0,82,58
06/06/20,41.82737,-74.95065,12847,0.02,79,59
06/07/20,41.82737,-74.95065,12847,0.04,80,47
06/08/20,41.82737,-74.95065,12847,0,69,40
06/01/20,41.3891,-74.6905,12847,0,65,40
06/02/20,41.3891,-74.6905,12847,0,69,44
06/03/20,41.3891,-74.6905,12847,0.26,70,49
06/04/20,41.3891,-74.6905,12847,0.32,80,57
06/05/20,41.3891,-74.6905,12847,0.13,85,61
06/06/20,41.3891,-74.6905,12847,0,83,65
06/07/20,41.3891,-74.6905,12847,0,85,52
06/08/20,41.3891,-74.6905,12847,0,73,45
06/01/20,41.5916,-74.6143,12847,0,60,35
06/02/20,41.5916,-74.6143,12847,0,64,36
06/03/20,41.5916,-74.6143,12852,0,65,50
06/04/20,41.5916,-74.6143,12852,0.4,77,56
06/05/20,41.5916,-74.6143,12852,0.05,81,61
06/06/20,41.5916,-74.6143,12852,0.07,78,62
06/07/20,41.5916,-74.6143,12852,0.11,78,49
06/08/20,41.5916,-74.6143,12852,0,70,43
06/01/20,43.33845,-73.61028,12852,0,61,33
06/02/20,43.33845,-73.61028,12852,0,67,38
06/03/20,43.33845,-73.61028,12855,0,76,54
06/04/20,43.33845,-73.61028,12855,0,87,47
06/05/20,43.33845,-73.61028,12855,0,85,64
06/06/20,43.33845,-73.61028,12855,0,84,58
06/07/20,43.33845,-73.61028,12855,0,70,47
06/08/20,43.33845,-73.61028,12855,0,77,40
06/01/20,43.5575,-73.4011,12855,0,60,39
06/02/20,43.5575,-73.4011,12855,0,64,43
06/03/20,43.5575,-73.4011,12858,0.02,67,46
06/04/20,43.5575,-73.4011,12858,0.06,72,56
06/05/20,43.5575,-73.4011,12858,0,89,58
06/06/20,43.5575,-73.4011,12858,0.08,85,68
06/07/20,43.5575,-73.4011,12858,0.32,85,53
06/08/20,43.5575,-73.4011,12858,0,71,46
06/01/20,43.3203,-73.9256,12858,0,58,39
06/02/20,43.3203,-73.9256,12858,0,61,43
06/03/20,43.3203,-73.9256,12860,0,63,49
06/04/20,43.3203,-73.9256,12860,0,72,56
06/05/20,43.3203,-73.9256,12860,0,80,63
06/06/20,43.3203,-73.9256,12860,0,81,64
06/07/20,43.3203,-73.9256,12860,0,77,51
06/08/20,43.3203,-73.9256,12860,0,67,48
06/01/20,43.75477,-74.27558,12860,0.12,48,30
06/02/20,43.75477,-74.27558,12860,0.02,56,36
06/03/20,43.75477,-74.27558,12860,0.02,61,45
06/04/20,43.75477,-74.27558,12860,0.02,68,47
06/05/20,43.75477,-74.27558,12860,0,77,49
06/06/20,43.75477,-74.27558,12860,0.08,80,56
06/07/20,43.75477,-74.27558,12860,0.11,72,48
06/08/20,43.75477,-74.27558,12860,0,63,37
06/01/20,43.9707,-74.222,12860,0.12,48,32
06/02/20,43.9707,-74.222,12860,0.03,54,36
06/03/20,43.9707,-74.222,12883,0.06,61,40
06/04/20,43.9707,-74.222,12883,0.03,67,51
06/05/20,43.9707,-74.222,12883,0,81,52
06/06/20,43.9707,-74.222,12883,0,83,55
06/07/20,43.9707,-74.222,12883,0,76,46
06/08/20,43.9707,-74.222,12883,0,61,41
06/01/20,43.04121,-73.82109,12883,0.02,65,38
06/02/20,43.04121,-73.82109,12883,0.04,67,43
06/03/20,43.04121,-73.82109,12883,0,76,55
06/04/20,43.04121,-73.82109,12883,0,87,58
06/05/20,43.04121,-73.82109,12883,0.01,87,66
06/06/20,43.04121,-73.82109,12883,0,85,60
06/07/20,43.04121,-73.82109,12883,0,83,53
06/08/20,43.04121,-73.82109,12883,0,81,47
06/01/20,43.8,-73.7,12883,0,61,36
06/02/20,43.8,-73.7,12883,0,68,38
06/03/20,43.8,-73.7,12901,0,75,53
06/04/20,43.8,-73.7,12901,0,86,53
06/06/20,43.8,-73.7,12901,0,82,54
06/07/20,43.8,-73.7,12901,0,69,44
06/08/20,43.8,-73.7,12901,0,77,40
06/01/20,44.65,-73.46667,12901,0,59,39
06/02/20,44.65,-73.46667,12901,0,64,36
06/03/20,44.65,-73.46667,12901,0.04,59,51
06/04/20,44.65,-73.46667,12912,0,78,46
06/05/20,44.65,-73.46667,12912,0,90,53
06/06/20,44.65,-73.46667,12912,0.32,82,55
06/07/20,44.65,-73.46667,12912,0,71,49
06/08/20,44.65,-73.46667,12912,0,74,47
06/01/20,44.7192,-73.7205,12912,0,56,37
06/02/20,44.7192,-73.7205,12912,0.2,62,49
06/03/20,44.7192,-73.7205,12912,0.07,62,52
06/05/20,44.7192,-73.7205,12915,0,83,54
06/06/20,44.7192,-73.7205,12915,0.45,84,61
06/01/20,44.913,-73.8223,12915,0,56,34
06/02/20,44.913,-73.8223,12915,0.01,64,37
06/03/20,44.913,-73.8223,12915,0.07,60,52
06/04/20,44.913,-73.8223,12915,0.01,76,51
06/05/20,44.913,-73.8223,12915,0,82,51
06/06/20,44.913,-73.8223,12915,0.68,75,54
06/07/20,44.913,-73.8223,12927,0.01,67,47
06/08/20,44.913,-73.8223,12927,0,69,45
06/01/20,44.3042,-73.9839,12927,0.01,46,31
06/02/20,44.3042,-73.9839,12927,0.05,55,38
06/03/20,44.3042,-73.9839,12927,0.08,60,44
06/04/20,44.3042,-73.9839,12927,0.24,58,51
06/05/20,44.3042,-73.9839,12927,0,75,52
06/06/20,44.3042,-73.9839,12927,0.06,81,56
06/07/20,44.3042,-73.9839,12928,0.42,74,44
06/08/20,44.3042,-73.9839,12928,0,62,39
06/01/20,44.8418,-74.306,12928,0.02,52,34
06/02/20,44.8418,-74.306,12928,0.03,58,42
06/03/20,44.8418,-74.306,12928,0.05,66,47
06/04/20,44.8418,-74.306,12928,0.01,62,52
06/05/20,44.8418,-74.306,12928,0,78,56
06/06/20,44.8418,-74.306,12928,0.32,85,61
06/07/20,44.8418,-74.306,12932,0.62,78,47
06/08/20,44.8418,-74.306,12932,0,68,45
06/01/20,44.56551,-73.57042,12932,0,59,37
06/02/20,44.56551,-73.57042,12932,0,62,36
06/03/20,44.56551,-73.57042,12932,0,60,48
06/04/20,44.56551,-73.57042,12932,0,81,49
06/05/20,44.56551,-73.57042,12932,0.08,87,54
06/06/20,44.56551,-73.57042,12932,0.38,86,61
06/07/20,44.56551,-73.57042,12972,0,68,47
06/08/20,44.56551,-73.57042,12972,0,73,51
06/01/20,44.38528,-74.20667,12972,0.03,54,26
06/02/20,44.38528,-74.20667,12972,0.06,63,31
06/03/20,44.38528,-74.20667,12972,0.31,59,51
06/04/20,44.38528,-74.20667,12972,0.03,77,53
06/05/20,44.38528,-74.20667,12972,0,81,48
06/06/20,44.38528,-74.20667,12972,0.59,74,51
06/07/20,44.38528,-74.20667,12977,0,63,36
06/08/20,44.38528,-74.20667,12977,0,67,32
06/01/20,44.2307,-74.4382,12977,0,48,31
06/02/20,44.2307,-74.4382,12977,0,57,37
06/03/20,44.2307,-74.4382,12977,0.07,63,46
06/04/20,44.2307,-74.4382,12977,0.05,63,46
06/05/20,44.2307,-74.4382,12977,0,79,54
06/06/20,44.2307,-74.4382,12977,0.11,83,59
06/07/20,44.2307,-74.4382,12983,0.5,75,47
06/08/20,44.2307,-74.4382,12983,0,64,39
06/01/20,42.9327,-76.5447,12983,0,59,43
06/02/20,42.9327,-76.5447,12983,0,70,45
06/03/20,42.9327,-76.5447,12983,0.17,65,54
06/04/20,42.9327,-76.5447,12983,0.14,76,55
06/05/20,42.9327,-76.5447,12983,0,89,56
06/06/20,42.9327,-76.5447,12983,0.12,86,64
06/07/20,42.9327,-76.5447,12985,0,78,53
06/08/20,42.9327,-76.5447,12985,0,69,47
06/01/20,42.7338,-76.6591,12985,0,52,44
06/02/20,42.7338,-76.6591,12985,0,67,47
06/03/20,42.7338,-76.6591,12985,0.24,68,57
06/04/20,42.7338,-76.6591,12985,0.05,74,58
06/05/20,42.7338,-76.6591,12985,0,85,62
06/06/20,42.7338,-76.6591,12985,0,85,67
06/07/20,42.7338,-76.6591,12986,0.03,76,53
06/08/20,42.7338,-76.6591,12986,0,68,48
06/01/20,43.2386,-76.1964,12986,0,62,43
06/02/20,43.2386,-76.1964,12986,0,65,45
06/03/20,43.2386,-76.1964,12986,0.17,62,52
06/04/20,43.2386,-76.1964,12986,0.03,73,51
06/05/20,43.2386,-76.1964,12986,0,86,53
06/06/20,43.2386,-76.1964,12986,0,87,35
06/07/20,43.2386,-76.1964,12986,0,75,48
06/08/20,43.2386,-76.1964,12986,0,70,35
06/01/20,42.4401,-76.2462,12986,0,66,34
06/02/20,42.4401,-76.2462,12986,0.2,65,45
06/03/20,42.4401,-76.2462,12986,0.13,74,55
06/04/20,42.4401,-76.2462,12986,0,83,51
06/05/20,42.4401,-76.2462,12986,0,81,64
06/06/20,42.4401,-76.2462,12986,0.07,75,53
06/07/20,42.4401,-76.2462,12989,0,67,44
06/08/20,42.4401,-76.2462,12989,0,72,40
06/01/20,42.8416,-75.7263,12989,0,53,37
06/02/20,42.8416,-75.7263,12989,0,61,43
06/03/20,42.8416,-75.7263,12989,0,62,52
06/04/20,42.8416,-75.7263,12989,0.01,71,53
06/05/20,42.8416,-75.7263,12989,0,81,57
06/06/20,42.8416,-75.7263,12989,0,81,60
06/07/20,42.8416,-75.7263,12997,0,74,51
06/08/20,42.8416,-75.7263,12997,0,66,46
06/01/20,42.5178,-76.3351,12997,0,55,38
06/02/20,42.5178,-76.3351,12997,0,66,46
06/03/20,42.5178,-76.3351,12997,0.25,65,53
06/04/20,42.5178,-76.3351,12997,0.15,75,52
06/05/20,42.5178,-76.3351,12997,0,83,62
06/06/20,42.5178,-76.3351,12997,0.45,85,61
06/07/20,42.5178,-76.3351,13026,0.03,75,52
06/08/20,42.5178,-76.3351,13026,0,66,43
06/01/20,43.34972,-76.38472,13026,0,64,44
06/01/20,43.3049,-76.3938,13026,0,58,48
06/02/20,43.3049,-76.3938,13026,0,64,50
06/02/20,43.34972,-76.38472,13026,0.33,67,53
06/03/20,43.34972,-76.38472,13026,0.03,74,57
06/03/20,43.3049,-76.3938,13026,0.33,67,57
06/04/20,43.3049,-76.3938,13054,0,74,56
06/04/20,43.34972,-76.38472,13054,0,85,52
06/05/20,43.3049,-76.3938,13054,0,84,59
06/05/20,43.34972,-76.38472,13054,0.02,85,63
06/06/20,43.3049,-76.3938,13054,0,87,65
06/06/20,43.34972,-76.38472,13054,0,75,54
06/07/20,43.3049,-76.3938,13054,0,75,54
06/07/20,43.34972,-76.38472,13054,0,67,49
06/08/20,43.34972,-76.38472,13064,0,71,45
06/08/20,43.3049,-76.3938,13064,0,69,49
06/01/20,43.44991,-76.53685,13064,0,61,48
06/02/20,43.44991,-76.53685,13064,0.01,66,57
06/03/20,43.44991,-76.53685,13064,0.5,67,57
06/04/20,43.44991,-76.53685,13064,0,80,56
06/05/20,43.44991,-76.53685,13064,0,82,67
06/06/20,43.44991,-76.53685,13064,0.06,78,62
06/07/20,43.44991,-76.53685,13066,0.03,66,55
06/08/20,43.44991,-76.53685,13066,0,67,50
06/01/20,43.5696,-76.1163,13066,0,59,39
06/02/20,43.5696,-76.1163,13066,0.09,65,47
06/03/20,43.5696,-76.1163,13066,0.07,65,54
06/04/20,43.5696,-76.1163,13066,0,81,49
06/05/20,43.5696,-76.1163,13066,0.02,82,58
06/06/20,43.5696,-76.1163,13066,0.08,71,58
06/07/20,43.5696,-76.1163,13118,0,61,44
06/08/20,43.5696,-76.1163,13118,0,65,44
06/01/20,43.1111,-76.1038,13118,0,67,46
06/02/20,43.1111,-76.1038,13118,0.3,68,55
06/03/20,43.1111,-76.1038,13118,0,76,58
06/04/20,43.1111,-76.1038,13118,0,88,57
06/05/20,43.1111,-76.1038,13118,0,88,70
06/06/20,43.1111,-76.1038,13118,0,79,58
06/07/20,43.1111,-76.1038,13142,0,70,52
06/08/20,43.1111,-76.1038,13142,0,74,48
06/01/20,43.4361,-75.3697,13142,0,52,36
06/02/20,43.4361,-75.3697,13142,0,59,39
06/03/20,43.4361,-75.3697,13142,0.07,56,49
06/04/20,43.4361,-75.3697,13142,0.01,67,52
06/05/20,43.4361,-75.3697,13142,0,80,55
06/06/20,43.4361,-75.3697,13142,0.06,82,61
06/07/20,43.4361,-75.3697,13148,0.01,75,48
06/08/20,43.4361,-75.3697,13148,0,66,44
06/01/20,43.3305,-75.8416,13148,0,57,37
06/02/20,43.3305,-75.8416,13148,0,63,43
06/03/20,43.3305,-75.8416,13148,0.14,65,48
06/04/20,43.3305,-75.8416,13148,0.1,72,49
06/05/20,43.3305,-75.8416,13148,0,84,51
06/06/20,43.3305,-75.8416,13148,0.03,85,60
06/07/20,43.3305,-75.8416,13326,0,75,50
06/08/20,43.3305,-75.8416,13326,0,68,40
06/01/20,43.60514,-75.55438,13326,0,51,33
06/02/20,43.60514,-75.55438,13326,0,60,32
06/03/20,43.60514,-75.55438,13326,0.09,58,48
06/04/20,43.60514,-75.55438,13326,0.1,66,46
06/05/20,43.60514,-75.55438,13326,0,79,46
06/06/20,43.60514,-75.55438,13326,0.06,83,58
06/07/20,43.60514,-75.55438,13360,0.01,76,48
06/08/20,43.60514,-75.55438,13360,0,63,39
06/01/20,42.7166,-74.9266,13360,0,61,37
06/02/20,42.7166,-74.9266,13360,0.19,63,44
06/03/20,42.7166,-74.9266,13360,0,74,53
06/04/20,42.7166,-74.9266,13360,0,82,56
06/05/20,42.7166,-74.9266,13360,0.15,82,62
06/06/20,42.7166,-74.9266,13360,0,76,55
06/07/20,42.7166,-74.9266,13360,0,67,51
06/08/20,42.7166,-74.9266,13360,0,72,42
06/01/20,43.8176,-74.87263,13360,0,83,32
06/02/20,43.8176,-74.87263,13360,0.02,60,41
06/03/20,43.8176,-74.87263,13360,0.21,61,47
06/04/20,43.8176,-74.87263,13360,0.1,71,52
06/05/20,43.8176,-74.87263,13360,0,80,56
06/08/20,43.8176,-74.87263,13360,0,85,42
06/01/20,43.7929,-75.4829,13360,0,57,37
06/02/20,43.7929,-75.4829,13360,0,62,39
06/03/20,43.7929,-75.4829,13360,0.05,60,53
06/04/20,43.7929,-75.4829,13360,0,70,52
06/05/20,43.7929,-75.4829,13360,0,83,54
06/06/20,43.7929,-75.4829,13360,0.1,84,61
06/07/20,43.7929,-75.4829,13360,0.22,77,50
06/08/20,43.7929,-75.4829,13360,0,68,44
06/01/20,43.89131,-75.03612,13404,0,77,33
06/02/20,43.89131,-75.03612,13404,0.03,56,42
06/03/20,43.7026,-74.9838,13404,0.07,65,51
06/03/20,43.89131,-75.03612,13404,0.21,58,47
06/04/20,43.7026,-74.9838,13404,0.01,77,51
06/04/20,43.89131,-75.03612,13404,0.15,71,52
06/05/20,43.7026,-74.9838,13404,0,80,57
06/05/20,43.89131,-75.03612,13404,0,77,56
06/08/20,43.89131,-75.03612,13420,0,79,42
06/01/20,43.2761,-75.1566,13420,0.77,84,36
06/02/20,43.2761,-75.1566,13420,0,62,42
06/03/20,43.2761,-75.1566,13420,0.07,61,51
06/04/20,43.2761,-75.1566,13420,0,71,55
06/05/20,43.2761,-75.1566,13420,0.07,83,58
06/06/20,43.2761,-75.1566,13420,0,78,62
06/07/20,43.2761,-75.1566,13420,0,69,43
06/08/20,43.2761,-75.1566,13420,0,85,43
06/01/20,43.23389,-75.41167,13420,0,64,36
06/02/20,43.23389,-75.41167,13420,0.07,66,44
06/03/20,43.23389,-75.41167,13420,0,74,54
06/04/20,43.23389,-75.41167,13420,0,85,54
06/05/20,43.23389,-75.41167,13420,0.06,85,64
06/06/20,43.23389,-75.41167,13420,0,79,55
06/07/20,43.23389,-75.41167,13420,0,72,51
06/08/20,43.23389,-75.41167,13436,0,75,43
06/01/20,42.7,-75.5,13436,0,66,35
06/01/20,42.6773,-75.5066,13436,0,56,37
06/02/20,42.7,-75.5,13436,0,67,44
06/02/20,42.6773,-75.5066,13436,0,65,39
06/03/20,42.7,-75.5,13436,0,77,55
06/03/20,42.6773,-75.5066,13436,0.1,65,49
06/04/20,42.7,-75.5,13436,0,85,52
06/04/20,42.6773,-75.5066,13436,0.02,76,51
06/05/20,42.7,-75.5,13436,0,85,65
06/05/20,42.6773,-75.5066,13436,0,84,53
06/06/20,42.7,-75.5,13436,0,80,53
06/06/20,42.6773,-75.5066,13436,0,83,64
06/07/20,42.7,-75.5,13436,0,72,42
06/07/20,42.6773,-75.5066,13436,0,79,53
06/08/20,42.7,-75.5,13436,0,75,38
06/08/20,42.6773,-75.5066,13486,0,69,41
06/01/20,43.9761,-75.8753,13486,0.02,55,39
06/02/20,43.9761,-75.8753,13486,0,63,50
06/03/20,43.9761,-75.8753,13486,0.08,63,54
06/04/20,43.9761,-75.8753,13486,0.02,70,55
06/05/20,43.9761,-75.8753,13486,0,81,64
06/06/20,43.9761,-75.8753,13486,0.4,82,64
06/07/20,43.9761,-75.8753,13486,0.14,75,50
06/08/20,43.9761,-75.8753,13607,0,69,48
06/01/20,44.5772,-75.1097,13607,0,59,37
06/02/20,44.5772,-75.1097,13607,0,66,45
06/03/20,44.5772,-75.1097,13607,0,64,52
06/04/20,44.5772,-75.1097,13607,0,76,56
06/05/20,44.5772,-75.1097,13607,0,83,65
06/06/20,44.5772,-75.1097,13607,0,84,63
06/07/20,44.5772,-75.1097,13607,0,78,47
06/08/20,44.5772,-75.1097,13607,0,72,43
06/01/20,43.98867,-76.02623,13607,0,63,34
06/02/20,43.98867,-76.02623,13607,0.03,64,55
06/03/20,43.98867,-76.02623,13607,0.04,70,52
06/04/20,43.98867,-76.02623,13607,0,79,50
06/05/20,43.98867,-76.02623,13607,0,79,62
06/06/20,43.98867,-76.02623,13607,0.16,77,53
06/07/20,43.98867,-76.02623,13607,0,70,47
06/08/20,43.98867,-76.02623,13618,0,72,41
06/01/20,44.354,-75.5123,13618,0.16,56,34
06/02/20,44.354,-75.5123,13618,0.01,63,43
06/03/20,44.354,-75.5123,13618,0,62,45
06/04/20,44.354,-75.5123,13618,0.29,67,50
06/05/20,44.354,-75.5123,13618,0.04,79,57
06/06/20,44.354,-75.5123,13618,0,83,62
06/07/20,44.354,-75.5123,13618,0,70,49
06/08/20,44.354,-75.5123,13624,0,71,42
06/01/20,44.93583,-74.84583,13624,0.01,62,38
06/02/20,44.93583,-74.84583,13624,0,67,44
06/03/20,44.93583,-74.84583,13624,0,67,50
06/04/20,44.93583,-74.84583,13624,0,78,48
06/05/20,44.93583,-74.84583,13624,0,85,52
06/06/20,44.93583,-74.84583,13624,0.17,80,55
06/07/20,44.93583,-74.84583,13624,0,72,46
06/08/20,44.93583,-74.84583,13640,0,73,42
06/01/20,44.7281,-75.4442,13640,0,57,41
06/02/20,44.7281,-75.4442,13640,0,64,48
06/03/20,44.7281,-75.4442,13640,0,64,50
06/04/20,44.7281,-75.4442,13640,0,68,56
06/05/20,44.7281,-75.4442,13640,0,78,59
06/06/20,44.7281,-75.4442,13640,0.03,84,63
06/07/20,44.7281,-75.4442,13640,0,78,50
06/08/20,44.7281,-75.4442,13640,0,71,49
06/01/20,44.5842,-74.9573,13640,0,54,37
06/02/20,44.5842,-74.9573,13640,0.05,62,43
06/03/20,44.5842,-74.9573,13640,0.01,66,43
06/04/20,44.5842,-74.9573,13640,0.03,65,57
06/05/20,44.5842,-74.9573,13640,0,79,60
06/06/20,44.5842,-74.9573,13640,0.02,85,63
06/07/20,44.5842,-74.9573,13640,0.22,77,46
06/08/20,44.5842,-74.9573,13640,0,70,42
06/01/20,44.27543,-75.83689,13640,0,58,35
06/02/20,44.27543,-75.83689,13640,0.1,67,47
06/03/20,44.27543,-75.83689,13640,0,67,54
06/04/20,44.27543,-75.83689,13640,0.95,74,57
06/05/20,44.27543,-75.83689,13640,0,80,63
06/06/20,44.27543,-75.83689,13640,0,85,65
06/07/20,44.27543,-75.83689,13640,0.45,81,54
06/08/20,44.27543,-75.83689,13646,0,81,46
06/01/20,42.2533,-74.905,13646,0,56,30
06/02/20,42.2533,-74.905,13646,0,62,34
06/03/20,42.2533,-74.905,13646,0.07,65,47
06/04/20,42.2533,-74.905,13646,0.06,75,54
06/05/20,42.2533,-74.905,13646,0.01,83,56
06/06/20,42.2533,-74.905,13646,0,81,57
06/07/20,42.2533,-74.905,13646,0.17,78,49
06/08/20,42.2533,-74.905,13650,0,67,37
06/01/20,42.33278,-75.22982,13650,0,60,32
06/01/20,42.0772,-74.9827,13650,0.5,64,38
06/02/20,42.0772,-74.9827,13650,0,65,38
06/02/20,42.33278,-75.22982,13650,0,64,32
06/03/20,42.0772,-74.9827,13650,0.15,77,44
06/03/20,42.33278,-75.22982,13650,0.33,67,42
06/04/20,42.33278,-75.22982,13650,0.06,78,53
06/04/20,42.0772,-74.9827,13651,0.12,83,53
06/05/20,42.0772,-74.9827,13651,0,82,59
06/05/20,42.33278,-75.22982,13651,0.02,85,53
06/06/20,42.33278,-75.22982,13651,0,84,59
06/06/20,42.0772,-74.9827,13651,0,77,48
06/07/20,42.33278,-75.22982,13651,0,84,47
06/07/20,42.0772,-74.9827,13651,0,74,38
06/08/20,42.0772,-74.9827,13651,0,82,38
06/08/20,42.33278,-75.22982,13664,0,70,41
06/01/20,42.2068,-75.98,13664,0,65,39
06/02/20,42.2068,-75.98,13664,0.21,62,50
06/03/20,42.2068,-75.98,13664,0.09,77,54
06/04/20,42.2068,-75.98,13664,0.13,81,57
06/05/20,42.2068,-75.98,13664,0,81,63
06/06/20,42.2068,-75.98,13664,0.01,76,55
06/07/20,42.2068,-75.98,13664,0,67,50
06/08/20,42.2068,-75.98,13669,0,72,46
06/01/20,42.5117,-75.5197,13669,0,58,36
06/02/20,42.5117,-75.5197,13669,0,66,37
06/03/20,42.5117,-75.5197,13669,0.28,64,47
06/04/20,42.5117,-75.5197,13669,0.01,76,53
06/05/20,42.5117,-75.5197,13669,0.01,83,54
06/06/20,42.5117,-75.5197,13669,0,81,60
06/07/20,42.5117,-75.5197,13669,0,80,49
06/08/20,42.5117,-75.5197,13669,0,70,39
06/01/20,42.4694,-75.0105,13669,0,55,33
06/02/20,42.4694,-75.0105,13669,0,61,34
06/03/20,42.4694,-75.0105,13669,0.03,63,44
06/04/20,42.4694,-75.0105,13669,0.02,71,54
06/05/20,42.4694,-75.0105,13669,0,82,57
06/06/20,42.4694,-75.0105,13669,0,81,64
06/07/20,42.4694,-75.0105,13669,0,78,49
06/08/20,42.4694,-75.0105,13679,0,67,41
06/01/20,42.1847,-75.1455,13679,0,57,31
06/02/20,42.1847,-75.1455,13679,0,63,31
06/03/20,42.1847,-75.1455,13679,0.22,64,39
06/04/20,42.1847,-75.1455,13679,0.18,76,50
06/05/20,42.1847,-75.1455,13679,0,81,53
06/06/20,42.1847,-75.1455,13679,0,81,57
06/07/20,42.1847,-75.1455,13679,0,79,48
06/08/20,42.1847,-75.1455,13685,0,69,38
06/01/20,42.3419,-75.9653,13685,0,58,37
06/02/20,42.3419,-75.9653,13685,0,67,41
06/03/20,42.3419,-75.9653,13685,0.14,64,50
06/04/20,42.3419,-75.9653,13685,0.02,76,54
06/05/20,42.3419,-75.9653,13685,0.03,83,55
06/06/20,42.3419,-75.9653,13685,0,82,61
06/07/20,42.3419,-75.9653,13685,0.01,76,52
06/08/20,42.3419,-75.9653,13687,0,68,44
06/01/20,43.02966,-78.16822,13687,0,66,46
06/02/20,43.02966,-78.16822,13687,0,71,56
06/03/20,43.02966,-78.16822,13687,0.2,74,61
06/04/20,43.02966,-78.16822,13687,0,83,58
06/05/20,43.02966,-78.16822,13687,0,83,64
06/06/20,43.02966,-78.16822,13687,0,84,65
06/07/20,43.02966,-78.16822,13687,0,77,54
06/08/20,43.02966,-78.16822,13692,0,72,49
06/01/20,42.6472,-78.7111,13692,0,55,43
06/02/20,42.6472,-78.7111,13692,0,64,48
06/03/20,42.6472,-78.7111,13692,1.22,71,52
06/04/20,42.6472,-78.7111,13692,0.01,74,57
06/05/20,42.6472,-78.7111,13692,0,81,59
06/06/20,42.6472,-78.7111,13692,0,80,62
06/07/20,42.6472,-78.7111,13692,0,74,52
06/08/20,42.6472,-78.7111,13693,0,68,48
06/01/20,42.49333,-79.27222,13693,0,67,47
06/01/20,42.4718,-79.33371,13693,0,60,43
06/02/20,42.49333,-79.27222,13693,0,80,57
06/02/20,42.4718,-79.33371,13693,0,66,49
06/03/20,42.49333,-79.27222,13693,0,76,59
06/03/20,42.4718,-79.33371,13693,0,75,54
06/04/20,42.49333,-79.27222,13693,0,82,58
06/04/20,42.4718,-79.33371,13731,0,76,57
06/05/20,42.4718,-79.33371,13731,0,84,63
06/05/20,42.49333,-79.27222,13731,0,79,66
06/06/20,42.4718,-79.33371,13731,0,81,64
06/06/20,42.49333,-79.27222,13731,0,78,59
06/07/20,42.4718,-79.33371,13731,0,79,51
06/07/20,42.49333,-79.27222,13731,0,70,51
06/08/20,42.49333,-79.27222,13731,0,75,49
06/08/20,42.4718,-79.33371,13746,0,73,49
06/01/20,43.18769,-78.60912,13746,0,68,48
06/02/20,43.18769,-78.60912,13746,0,75,55
06/03/20,43.18769,-78.60912,13746,0.19,78,60
06/04/20,43.18769,-78.60912,13746,0,83,56
06/05/20,43.18769,-78.60912,13746,0,83,64
06/06/20,43.18769,-78.60912,13746,0,79,64
06/07/20,43.18769,-78.60912,13746,0,71,55
06/08/20,43.18769,-78.60912,13754,0,73,52
06/01/20,43.05734,-78.86171,13754,0,61,46
06/02/20,43.05734,-78.86171,13754,0,69,49
06/03/20,43.05734,-78.86171,13754,0.59,74,49
06/04/20,43.05734,-78.86171,13754,0.27,73,54
06/05/20,43.05734,-78.86171,13754,0,86,56
06/06/20,43.05734,-78.86171,13754,0,84,63
06/07/20,43.05734,-78.86171,13754,0,81,53
06/08/20,43.05734,-78.86171,13796,0,73,48
06/01/20,42.4647,-79.003,13796,0,62,42
06/02/20,42.4647,-79.003,13796,0,69,44
06/03/20,42.4647,-79.003,13796,0,77,52
06/04/20,42.4647,-79.003,13796,0,78,59
06/05/20,42.4647,-79.003,13796,0,83,59
06/06/20,42.4647,-79.003,13796,0,80,65
06/07/20,42.4647,-79.003,13796,0,76,52
06/08/20,42.4647,-79.003,13830,0,70,48
06/01/20,42.7392,-78.5878,13830,0,58,44
06/02/20,42.7392,-78.5878,13830,0,66,49
06/03/20,42.7392,-78.5878,13830,0.66,73,55
06/04/20,42.7392,-78.5878,13830,0.11,75,55
06/05/20,42.7392,-78.5878,13830,0,83,59
06/06/20,42.7392,-78.5878,13830,0,82,64
06/07/20,42.7392,-78.5878,13830,0.06,76,50
06/08/20,42.7392,-78.5878,13856,0,70,45
06/01/20,42.93997,-78.73615,13856,0,61,48
06/02/20,42.93997,-78.73615,13856,1.04,69,53
06/03/20,42.93997,-78.73615,13856,0.59,68,56
06/04/20,42.93997,-78.73615,13856,0,80,52
06/05/20,42.93997,-78.73615,13856,0,77,60
06/06/20,42.93997,-78.73615,13856,0,74,58
06/07/20,42.93997,-78.73615,13856,0,68,53
06/08/20,42.93997,-78.73615,14012,0,77,49
06/01/20,43.10833,-78.93806,14012,0,68,46
06/02/20,43.10833,-78.93806,14012,0.88,75,54
06/03/20,43.10833,-78.93806,14012,0.11,77,56
06/04/20,43.10833,-78.93806,14012,0,82,54
06/05/20,43.10833,-78.93806,14012,0,81,61
06/06/20,43.10833,-78.93806,14012,0,76,59
06/07/20,43.10833,-78.93806,14012,0,69,53
06/08/20,43.10833,-78.93806,14040,0,75,51
06/01/20,43.26338,-78.21527,14040,0,69,48
06/02/20,43.26338,-78.21527,14040,0,75,48
06/03/20,43.26338,-78.21527,14040,0.42,79,62
06/04/20,43.26338,-78.21527,14040,0,85,60
06/05/20,43.26338,-78.21527,14040,0,85,66
06/06/20,43.26338,-78.21527,14040,0,85,66
06/07/20,43.26338,-78.21527,14040,0,85,55
06/08/20,43.26338,-78.21527,14081,0,85,50
06/01/20,42.9203,-77.7557,14081,0,59,43
06/02/20,42.9203,-77.7557,14081,0,70,50
06/03/20,42.9203,-77.7557,14081,0.18,72,55
06/04/20,42.9203,-77.7557,14081,0.08,76,55
06/05/20,42.9203,-77.7557,14081,0.1,86,62
06/06/20,42.9203,-77.7557,14081,0,85,64
06/07/20,42.9203,-77.7557,14081,0.26,79,53
06/08/20,42.9203,-77.7557,14174,0,70,46
06/01/20,43.216,-77.9529,14174,0,60,45
06/02/20,43.216,-77.9529,14174,0,71,50
06/03/20,43.216,-77.9529,14174,0.08,75,60
06/04/20,43.216,-77.9529,14174,0.27,79,63
06/05/20,43.216,-77.9529,14174,0,86,61
06/06/20,43.216,-77.9529,14174,0,86,66
06/07/20,43.216,-77.9529,14174,0.01,79,60
06/08/20,43.216,-77.9529,14437,0,69,56
06/01/20,42.84505,-77.28071,14437,0,59,46
06/02/20,42.84505,-77.28071,14437,0,70,53
06/03/20,42.84505,-77.28071,14437,0.02,73,58
06/04/20,42.84505,-77.28071,14437,0.12,80,56
06/05/20,42.84505,-77.28071,14437,0.04,87,64
06/06/20,42.84505,-77.28071,14437,0,85,66
06/07/20,42.84505,-77.28071,14437,0.02,79,54
06/08/20,42.84505,-77.28071,14464,0,70,49
06/01/20,42.57083,-77.71333,14464,0,71,43
06/01/20,42.56477,-77.71762,14464,0,60,42
06/02/20,42.57083,-77.71333,14464,0,75,54
06/02/20,42.56477,-77.71762,14464,0,71,42
06/03/20,42.56477,-77.71762,14464,0.07,75,56
06/03/20,42.57083,-77.71333,14464,0.57,82,61
06/04/20,42.57083,-77.71333,14464,0.08,87,57
06/04/20,42.56477,-77.71762,14478,0.44,82,56
06/05/20,42.57083,-77.71333,14478,0,88,63
06/05/20,42.56477,-77.71762,14478,0.16,88,56
06/06/20,42.56477,-77.71762,14478,0,89,63
06/06/20,42.57083,-77.71333,14478,0,80,59
06/07/20,42.56477,-77.71762,14478,0,80,58
06/07/20,42.57083,-77.71333,14478,0,71,50
06/08/20,42.57083,-77.71333,14478,0,78,47
06/08/20,42.56477,-77.71762,14541,0,71,45
06/01/20,42.8766,-77.0307,14541,0,68,41
06/02/20,42.8766,-77.0307,14541,0.01,67,46
06/03/20,42.8766,-77.0307,14541,0.14,67,56
06/04/20,42.8766,-77.0307,14541,0.16,76,58
06/05/20,42.8766,-77.0307,14541,0,85,63
06/06/20,42.8766,-77.0307,14541,0,84,65
06/07/20,42.8766,-77.0307,14541,0.01,76,54
06/08/20,42.8766,-77.0307,14549,0,67,48
06/01/20,42.7743,-77.6083,14549,0,69,43
06/02/20,42.7743,-77.6083,14549,0,72,56
06/03/20,42.7743,-77.6083,14549,0.54,76,62
06/04/20,42.7743,-77.6083,14549,0.05,83,55
06/05/20,42.7743,-77.6083,14549,0,86,62
06/06/20,42.7743,-77.6083,14549,0,78,60
06/07/20,42.7743,-77.6083,14549,0.16,68,51
06/08/20,42.7743,-77.6083,14571,0,75,45
06/01/20,42.79148,-77.51331,14571,0,58,40
06/02/20,42.79148,-77.51331,14571,0,68,50
06/03/20,42.79148,-77.51331,14571,0.12,72,58
06/04/20,42.79148,-77.51331,14571,0.05,77,54
06/05/20,42.79148,-77.51331,14571,0,86,57
06/06/20,42.79148,-77.51331,14571,0.02,86,62
06/07/20,42.79148,-77.51331,14571,0.2,79,51
06/08/20,42.79148,-77.51331,14716,0,79,43
06/01/20,42.7313,-77.9054,14716,0,57,45
06/02/20,42.7313,-77.9054,14716,0,68,50
06/03/20,42.7313,-77.9054,14716,0.06,74,56
06/04/20,42.7313,-77.9054,14716,0.7,78,58
06/05/20,42.7313,-77.9054,14716,0.01,85,62
06/06/20,42.7313,-77.9054,14716,0,86,66
06/07/20,42.7313,-77.9054,14716,0,77,56
06/08/20,42.7313,-77.9054,14779,0,68,48
06/01/20,42.6425,-77.05639,14779,0,70,42
06/02/20,42.6425,-77.05639,14779,0.05,71,57
06/03/20,42.6425,-77.05639,14779,0.02,78,61
06/04/20,42.6425,-77.05639,14779,0.02,86,60
06/05/20,42.6425,-77.05639,14779,0.06,86,65
06/06/20,42.6425,-77.05639,14779,0.15,79,57
06/07/20,42.6425,-77.05639,14779,0,69,50
06/08/20,42.6425,-77.05639,14850,0,75,50
06/01/20,43.2359,-77.0841,14850,0,50,38
06/02/20,43.2359,-77.0841,14850,0,65,43
06/03/20,43.2359,-77.0841,14850,0.05,66,50
06/04/20,43.2359,-77.0841,14850,0,72,50
06/05/20,43.2359,-77.0841,14850,0,86,55
06/06/20,43.2359,-77.0841,14850,0,80,57
06/07/20,43.2359,-77.0841,14850,0,73,47
06/08/20,43.2359,-77.0841,14850,0,61,41
06/01/20,42.6855,-78.2202,14850,0,54,42
06/02/20,42.6855,-78.2202,14850,0,63,44
06/03/20,42.6855,-78.2202,14850,0.05,70,52
06/04/20,42.6855,-78.2202,14850,0.25,72,56
06/05/20,42.6855,-78.2202,14850,0.07,80,61
06/06/20,42.6855,-78.2202,14850,0,82,62
06/07/20,42.6855,-78.2202,14850,0,73,51
06/08/20,42.6855,-78.2202,14861,0,65,45
06/01/20,43.2419,-77.3882,14861,0,70,43
06/02/20,43.2419,-77.3882,14861,0,74,57
06/03/20,43.2419,-77.3882,14861,0.13,76,59
06/04/20,43.2419,-77.3882,14861,0,85,58
06/05/20,43.2419,-77.3882,14861,0,83,63
06/06/20,43.2419,-77.3882,14861,0,79,65
06/07/20,43.2419,-77.3882,14861,0,70,53
06/08/20,43.2419,-77.3882,14886,0,73,48
06/01/20,42.82025,-78.14782,14886,0,55,42
06/02/20,42.82025,-78.14782,14886,0,64,47
06/03/20,42.82025,-78.14782,14886,0.03,71,53
06/04/20,42.82025,-78.14782,14886,0.73,74,55
06/05/20,42.82025,-78.14782,14886,0.01,80,60
06/06/20,42.82025,-78.14782,14886,0,82,64
06/07/20,42.82025,-78.14782,14886,0,73,53
06/08/20,42.82025,-78.14782,14891,0,65,43
06/01/20,43.11722,-77.67541,14891,0,69,46
06/02/20,43.11722,-77.67541,14891,0.02,74,54
06/03/20,43.11722,-77.67541,14891,0.44,77,60
06/04/20,43.11722,-77.67541,14891,0,86,57
06/05/20,43.11722,-77.67541,14891,0,85,64
06/06/20,43.11722,-77.67541,14891,0,77,59
06/07/20,43.11722,-77.67541,14891,0,69,53
