11701,40.943554,-72.692218
11702,40.943554,-72.692218
11703,40.943554,-72.692218
11704,40.943554,-72.692218
11705,40.943554,-72.692218
11706,40.943554,-72.692218
11707,40.943554,-72.692218
11708,40.943554,-72.692218
11713,40.943554,-72.692218
11715,40.943554,-72.692218
11716,40.943554,-72.692218
11717,40.943554,-72.692218
11718,40.943554,-72.692218
11719,40.943554,-72.692218
11720,40.943554,-72.692218
11721,40.943554,-72.692218
11722,40.943554,-72.692218
11724,40.943554,-72.692218
11725,40.943554,-72.692218
11726,40.943554,-72.692218
11727,40.943554,-72.692218
11729,40.943554,-72.692218
11730,40.943554,-72.692218
11731,40.943554,-72.692218
11733,40.943554,-72.692218
11738,40.943554,-72.692218
11739,40.943554,-72.692218
11740,40.943554,-72.692218
11741,40.943554,-72.692218
11742,40.943554,-72.692218
11743,40.943554,-72.692218
11746,40.943554,-72.692218
11747,40.943554,-72.692218
11749,40.943554,-72.692218
11750,40.943554,-72.692218
11751,40.943554,-72.692218
11752,40.943554,-72.692218
11754,40.943554,-72.692218
11755,40.943554,-72.692218
11757,40.943554,-72.692218
11760,40.943554,-72.692218
11763,40.943554,-72.692218
11764,40.943554,-72.692218
11766,40.943554,-72.692218
11767,40.943554,-72.692218
11768,40.943554,-72.692218
11769,40.943554,-72.692218
11770,40.943554,-72.692218
11772,40.943554,-72.692218
11775,40.943554,-72.692218
11776,40.943554,-72.692218
11777,40.943554,-72.692218
11778,40.943554,-72.692218
11779,40.943554,-72.692218
11780,40.943554,-72.692218
11782,40.943554,-72.692218
11784,40.943554,-72.692218
11786,40.943554,-72.692218
11787,40.943554,-72.692218
11788,40.943554,-72.692218
11789,40.943554,-72.692218
11790,40.943554,-72.692218
11792,40.943554,-72.692218
11794,40.943554,-72.692218
11795,40.943554,-72.692218
11796,40.943554,-72.692218
11798,40.943554,-72.692218
11901,40.943554,-72.692218
11930,40.943554,-72.692218
11931,40.943554,-72.692218
11932,40.943554,-72.692218
11933,40.943554,-72.692218
11934,40.943554,-72.692218
11935,40.943554,-72.692218
11937,40.943554,-72.692218
11939,40.943554,-72.692218
11940,40.943554,-72.692218
11941,40.943554,-72.692218
11942,40.943554,-72.692218
11944,40.943554,-72.692218
11946,40.943554,-72.692218
11947,40.943554,-72.692218
11948,40.943554,-72.692218
11949,40.943554,-72.692218
11950,40.943554,-72.692218
11951,40.943554,-72.692218
11952,40.943554,-72.692218
11953,40.943554,-72.692218
11954,40.943554,-72.692218
11955,40.943554,-72.692218
11956,40.943554,-72.692218
11957,40.943554,-72.692218
11958,40.943554,-72.692218
11959,40.943554,-72.692218
11960,40.943554,-72.692218
11961,40.943554,-72.692218
11962,40.943554,-72.692218
11963,40.943554,-72.692218
11964,40.943554,-72.692218
11965,40.943554,-72.692218
11967,40.943554,-72.692218
11968,40.943554,-72.692218
11969,40.943554,-72.692218
11970,40.943554,-72.692218
11971,40.943554,-72.692218
11972,40.943554,-72.692218
11973,40.943554,-72.692218
11975,40.943554,-72.692218
11976,40.943554,-72.692218
11977,40.943554,-72.692218
11978,40.943554,-72.692218
11980,40.943554,-72.692218
10001,40.776642,-73.970187
10002,40.776642,-73.970187
10003,40.776642,-73.970187
10004,40.776642,-73.970187
10005,40.776642,-73.970187
10006,40.776642,-73.970187
10007,40.776642,-73.970187
10008,40.776642,-73.970187
10009,40.776642,-73.970187
10010,40.776642,-73.970187
10011,40.776642,-73.970187
10012,40.776642,-73.970187
10013,40.776642,-73.970187
10014,40.776642,-73.970187
10015,40.776642,-73.970187
10016,40.776642,-73.970187
10017,40.776642,-73.970187
10018,40.776642,-73.970187
10019,40.776642,-73.970187
10020,40.776642,-73.970187
10021,40.776642,-73.970187
10022,40.776642,-73.970187
10023,40.776642,-73.970187
10024,40.776642,-73.970187
10025,40.776642,-73.970187
10026,40.776642,-73.970187
10027,40.776642,-73.970187
10028,40.776642,-73.970187
10029,40.776642,-73.970187
10030,40.776642,-73.970187
10031,40.776642,-73.970187
10032,40.776642,-73.970187
10033,40.776642,-73.970187
10034,40.776642,-73.970187
10035,40.776642,-73.970187
10036,40.776642,-73.970187
10037,40.776642,-73.970187
10038,40.776642,-73.970187
10039,40.776642,-73.970187
10040,40.776642,-73.970187
10041,40.776642,-73.970187
10043,40.776642,-73.970187
10044,40.776642,-73.970187
10045,40.776642,-73.970187
10046,40.776642,-73.970187
10047,40.776642,-73.970187
10048,40.776642,-73.970187
10055,40.776642,-73.970187
10060,40.776642,-73.970187
10065,40.776642,-73.970187
10069,40.776642,-73.970187
10072,40.776642,-73.970187
10075,40.776642,-73.970187
10079,40.776642,-73.970187
10080,40.776642,-73.970187
10081,40.776642,-73.970187
10082,40.776642,-73.970187
10087,40.776642,-73.970187
10090,40.776642,-73.970187
10094,40.776642,-73.970187
10095,40.776642,-73.970187
10096,40.776642,-73.970187
10098,40.776642,-73.970187
10099,40.776642,-73.970187
10101,40.776642,-73.970187
10102,40.776642,-73.970187
10103,40.776642,-73.970187
10104,40.776642,-73.970187
10105,40.776642,-73.970187
10106,40.776642,-73.970187
10107,40.776642,-73.970187
10108,40.776642,-73.970187
10109,40.776642,-73.970187
10110,40.776642,-73.970187
10111,40.776642,-73.970187
10112,40.776642,-73.970187
10113,40.776642,-73.970187
10114,40.776642,-73.970187
10115,40.776642,-73.970187
10116,40.776642,-73.970187
10117,40.776642,-73.970187
10118,40.776642,-73.970187
10119,40.776642,-73.970187
10120,40.776642,-73.970187
10121,40.776642,-73.970187
10122,40.776642,-73.970187
10123,40.776642,-73.970187
10124,40.776642,-73.970187
10125,40.776642,-73.970187
10126,40.776642,-73.970187
10128,40.776642,-73.970187
10129,40.776642,-73.970187
10130,40.776642,-73.970187
10131,40.776642,-73.970187
10132,40.776642,-73.970187
10133,40.776642,-73.970187
10138,40.776642,-73.970187
10149,40.776642,-73.970187
10150,40.776642,-73.970187
10151,40.776642,-73.970187
10152,40.776642,-73.970187
10153,40.776642,-73.970187
10154,40.776642,-73.970187
10155,40.776642,-73.970187
10156,40.776642,-73.970187
10157,40.776642,-73.970187
10158,40.776642,-73.970187
10159,40.776642,-73.970187
10160,40.776642,-73.970187
10161,40.776642,-73.970187
10162,40.776642,-73.970187
10163,40.776642,-73.970187
10164,40.776642,-73.970187
10165,40.776642,-73.970187
10166,40.776642,-73.970187
10167,40.776642,-73.970187
10168,40.776642,-73.970187
10169,40.776642,-73.970187
10170,40.776642,-73.970187
10171,40.776642,-73.970187
10172,40.776642,-73.970187
10173,40.776642,-73.970187
10174,40.776642,-73.970187
10175,40.776642,-73.970187
10176,40.776642,-73.970187
10177,40.776642,-73.970187
10178,40.776642,-73.970187
10179,40.776642,-73.970187
10184,40.776642,-73.970187
10185,40.776642,-73.970187
10196,40.776642,-73.970187
10197,40.776642,-73.970187
10199,40.776642,-73.970187
10203,40.776642,-73.970187
10211,40.776642,-73.970187
10212,40.776642,-73.970187
10213,40.776642,-73.970187
10242,40.776642,-73.970187
10249,40.776642,-73.970187
10256,40.776642,-73.970187
10257,40.776642,-73.970187
10258,40.776642,-73.970187
10259,40.776642,-73.970187
10260,40.776642,-73.970187
10261,40.776642,-73.970187
10265,40.776642,-73.970187
10268,40.776642,-73.970187
10269,40.776642,-73.970187
10270,40.776642,-73.970187
10271,40.776642,-73.970187
10272,40.776642,-73.970187
10273,40.776642,-73.970187
10274,40.776642,-73.970187
10275,40.776642,-73.970187
10276,40.776642,-73.970187
10277,40.776642,-73.970187
10278,40.776642,-73.970187
10279,40.776642,-73.970187
10280,40.776642,-73.970187
10281,40.776642,-73.970187
10282,40.776642,-73.970187
10285,40.776642,-73.970187
10286,40.776642,-73.970187
10292,40.776642,-73.970187
10301,40.561263,-74.1399
10302,40.561263,-74.1399
10303,40.561263,-74.1399
10304,40.561263,-74.1399
10305,40.561263,-74.1399
10306,40.561263,-74.1399
10307,40.561263,-74.1399
10308,40.561263,-74.1399
10309,40.561263,-74.1399
10310,40.561263,-74.1399
10311,40.561263,-74.1399
10312,40.561263,-74.1399
10313,40.561263,-74.1399
10314,40.561263,-74.1399
10451,40.848711,-73.852939
10452,40.848711,-73.852939
10453,40.848711,-73.852939
10454,40.848711,-73.852939
10455,40.848711,-73.852939
10456,40.848711,-73.852939
10457,40.848711,-73.852939
10458,40.848711,-73.852939
10459,40.848711,-73.852939
10460,40.848711,-73.852939
10461,40.848711,-73.852939
10462,40.848711,-73.852939
10463,40.848711,-73.852939
10464,40.848711,-73.852939
10465,40.848711,-73.852939
10466,40.848711,-73.852939
10467,40.848711,-73.852939
10468,40.848711,-73.852939
10469,40.848711,-73.852939
10470,40.848711,-73.852939
10471,40.848711,-73.852939
10472,40.848711,-73.852939
10473,40.848711,-73.852939
10474,40.848711,-73.852939
10475,40.848711,-73.852939
10499,40.848711,-73.852939
10501,41.15277,-73.745912
10502,41.15277,-73.745912
10503,41.15277,-73.745912
10504,41.15277,-73.745912
10505,41.15277,-73.745912
10506,41.15277,-73.745912
10507,41.15277,-73.745912
10510,41.15277,-73.745912
10511,41.15277,-73.745912
10514,41.15277,-73.745912
10517,41.15277,-73.745912
10518,41.15277,-73.745912
10519,41.15277,-73.745912
10520,41.15277,-73.745912
10521,41.15277,-73.745912
10522,41.15277,-73.745912
10523,41.15277,-73.745912
10526,41.15277,-73.745912
10527,41.15277,-73.745912
10528,41.15277,-73.745912
10530,41.15277,-73.745912
10532,41.15277,-73.745912
10533,41.15277,-73.745912
10535,41.15277,-73.745912
10536,41.15277,-73.745912
10538,41.15277,-73.745912
10540,41.15277,-73.745912
10543,41.15277,-73.745912
10545,41.15277,-73.745912
10546,41.15277,-73.745912
10547,41.15277,-73.745912
10548,41.15277,-73.745912
10549,41.15277,-73.745912
10550,41.15277,-73.745912
10551,41.15277,-73.745912
10552,41.15277,-73.745912
10553,41.15277,-73.745912
10560,41.15277,-73.745912
10562,41.15277,-73.745912
10566,41.15277,-73.745912
10567,41.15277,-73.745912
10570,41.15277,-73.745912
10571,41.15277,-73.745912
10572,41.15277,-73.745912
10573,41.15277,-73.745912
10576,41.15277,-73.745912
10577,41.15277,-73.745912
10578,41.15277,-73.745912
10580,41.15277,-73.745912
10583,41.15277,-73.745912
10587,41.15277,-73.745912
10588,41.15277,-73.745912
10589,41.15277,-73.745912
10590,41.15277,-73.745912
10591,41.15277,-73.745912
10594,41.15277,-73.745912
10595,41.15277,-73.745912
10596,41.15277,-73.745912
10597,41.15277,-73.745912
10598,41.15277,-73.745912
10601,41.15277,-73.745912
10602,41.15277,-73.745912
10603,41.15277,-73.745912
10604,41.15277,-73.745912
10605,41.15277,-73.745912
10606,41.15277,-73.745912
10607,41.15277,-73.745912
10610,41.15277,-73.745912
10701,41.15277,-73.745912
10702,41.15277,-73.745912
10703,41.15277,-73.745912
10704,41.15277,-73.745912
10705,41.15277,-73.745912
10706,41.15277,-73.745912
10707,41.15277,-73.745912
10708,41.15277,-73.745912
10709,41.15277,-73.745912
10710,41.15277,-73.745912
10801,41.15277,-73.745912
10802,41.15277,-73.745912
10803,41.15277,-73.745912
10804,41.15277,-73.745912
10805,41.15277,-73.745912
10509,41.427904,-73.743882
10512,41.427904,-73.743882
10516,41.427904,-73.743882
10524,41.427904,-73.743882
10537,41.427904,-73.743882
10541,41.427904,-73.743882
10542,41.427904,-73.743882
10579,41.427904,-73.743882
12563,41.427904,-73.743882
10901,41.154627,-74.024662
10911,41.154627,-74.024662
10913,41.154627,-74.024662
10920,41.154627,-74.024662
10923,41.154627,-74.024662
10927,41.154627,-74.024662
10931,41.154627,-74.024662
10952,41.154627,-74.024662
10956,41.154627,-74.024662
10958,41.154627,-74.024662
10960,41.154627,-74.024662
10962,41.154627,-74.024662
10963,41.154627,-74.024662
10964,41.154627,-74.024662
10965,41.154627,-74.024662
10968,41.154627,-74.024662
10969,41.154627,-74.024662
10970,41.154627,-74.024662
10974,41.154627,-74.024662
10976,41.154627,-74.024662
10977,41.154627,-74.024662
10980,41.154627,-74.024662
10982,41.154627,-74.024662
10983,41.154627,-74.024662
10984,41.154627,-74.024662
10986,41.154627,-74.024662
10989,41.154627,-74.024662
10993,41.154627,-74.024662
10994,41.154627,-74.024662
10910,41.40241,-74.306252
10912,41.40241,-74.306252
10914,41.40241,-74.306252
10915,41.40241,-74.306252
10916,41.40241,-74.306252
10917,41.40241,-74.306252
10918,41.40241,-74.306252
10919,41.40241,-74.306252
10921,41.40241,-74.306252
10922,41.40241,-74.306252
10924,41.40241,-74.306252
10925,41.40241,-74.306252
10926,41.40241,-74.306252
10928,41.40241,-74.306252
10930,41.40241,-74.306252
10932,41.40241,-74.306252
10933,41.40241,-74.306252
10940,41.40241,-74.306252
10941,41.40241,-74.306252
10943,41.40241,-74.306252
10949,41.40241,-74.306252
10950,41.40241,-74.306252
10953,41.40241,-74.306252
10954,41.40241,-74.306252
10959,41.40241,-74.306252
10973,41.40241,-74.306252
10975,41.40241,-74.306252
10979,41.40241,-74.306252
10981,41.40241,-74.306252
10985,41.40241,-74.306252
10987,41.40241,-74.306252
10988,41.40241,-74.306252
10990,41.40241,-74.306252
10992,41.40241,-74.306252
10996,41.40241,-74.306252
10997,41.40241,-74.306252
10998,41.40241,-74.306252
12518,41.40241,-74.306252
12520,41.40241,-74.306252
12543,41.40241,-74.306252
12549,41.40241,-74.306252
12550,41.40241,-74.306252
12551,41.40241,-74.306252
12552,41.40241,-74.306252
12553,41.40241,-74.306252
12555,41.40241,-74.306252
12566,41.40241,-74.306252
12575,41.40241,-74.306252
12577,41.40241,-74.306252
12584,41.40241,-74.306252
12586,41.40241,-74.306252
12729,41.40241,-74.306252
12746,41.40241,-74.306252
12771,41.40241,-74.306252
12780,41.40241,-74.306252
11001,40.729612,-73.589414
11002,40.729612,-73.589414
11003,40.729612,-73.589414
11010,40.729612,-73.589414
11020,40.729612,-73.589414
11021,40.729612,-73.589414
11022,40.729612,-73.589414
11023,40.729612,-73.589414
11024,40.729612,-73.589414
11026,40.729612,-73.589414
11027,40.729612,-73.589414
11030,40.729612,-73.589414
11040,40.729612,-73.589414
11042,40.729612,-73.589414
11050,40.729612,-73.589414
11051,40.729612,-73.589414
11052,40.729612,-73.589414
11053,40.729612,-73.589414
11054,40.729612,-73.589414
11055,40.729612,-73.589414
11096,40.729612,-73.589414
11501,40.729612,-73.589414
11507,40.729612,-73.589414
11509,40.729612,-73.589414
11510,40.729612,-73.589414
11514,40.729612,-73.589414
11516,40.729612,-73.589414
11518,40.729612,-73.589414
11520,40.729612,-73.589414
11530,40.729612,-73.589414
11531,40.729612,-73.589414
11542,40.729612,-73.589414
11545,40.729612,-73.589414
11547,40.729612,-73.589414
11548,40.729612,-73.589414
11549,40.729612,-73.589414
11550,40.729612,-73.589414
11551,40.729612,-73.589414
11552,40.729612,-73.589414
11553,40.729612,-73.589414
11554,40.729612,-73.589414
11555,40.729612,-73.589414
11556,40.729612,-73.589414
11557,40.729612,-73.589414
11558,40.729612,-73.589414
11559,40.729612,-73.589414
11560,40.729612,-73.589414
11561,40.729612,-73.589414
11563,40.729612,-73.589414
11565,40.729612,-73.589414
11566,40.729612,-73.589414
11568,40.729612,-73.589414
11569,40.729612,-73.589414
11570,40.729612,-73.589414
11571,40.729612,-73.589414
11572,40.729612,-73.589414
11575,40.729612,-73.589414
11576,40.729612,-73.589414
11577,40.729612,-73.589414
11579,40.729612,-73.589414
11580,40.729612,-73.589414
11581,40.729612,-73.589414
11582,40.729612,-73.589414
11590,40.729612,-73.589414
11594,40.729612,-73.589414
11596,40.729612,-73.589414
11597,40.729612,-73.589414
11598,40.729612,-73.589414
11599,40.729612,-73.589414
11709,40.729612,-73.589414
11710,40.729612,-73.589414
11714,40.729612,-73.589414
11732,40.729612,-73.589414
11735,40.729612,-73.589414
11737,40.729612,-73.589414
11753,40.729612,-73.589414
11756,40.729612,-73.589414
11758,40.729612,-73.589414
11762,40.729612,-73.589414
11765,40.729612,-73.589414
11771,40.729612,-73.589414
11773,40.729612,-73.589414
11783,40.729612,-73.589414
11791,40.729612,-73.589414
11793,40.729612,-73.589414
11797,40.729612,-73.589414
11801,40.729612,-73.589414
11802,40.729612,-73.589414
11803,40.729612,-73.589414
11804,40.729612,-73.589414
11815,40.729612,-73.589414
11819,40.729612,-73.589414
11853,40.729612,-73.589414
11854,40.729612,-73.589414
11855,40.729612,-73.589414
11004,40.658566,-73.838017
11005,40.658566,-73.838017
11101,40.658566,-73.838017
11102,40.658566,-73.838017
11103,40.658566,-73.838017
11104,40.658566,-73.838017
11105,40.658566,-73.838017
11106,40.658566,-73.838017
11109,40.658566,-73.838017
11120,40.658566,-73.838017
11351,40.658566,-73.838017
11352,40.658566,-73.838017
11354,40.658566,-73.838017
11355,40.658566,-73.838017
11356,40.658566,-73.838017
11357,40.658566,-73.838017
11358,40.658566,-73.838017
11359,40.658566,-73.838017
11360,40.658566,-73.838017
11361,40.658566,-73.838017
11362,40.658566,-73.838017
11363,40.658566,-73.838017
11364,40.658566,-73.838017
11365,40.658566,-73.838017
11366,40.658566,-73.838017
11367,40.658566,-73.838017
11368,40.658566,-73.838017
11369,40.658566,-73.838017
11370,40.658566,-73.838017
11371,40.658566,-73.838017
11372,40.658566,-73.838017
11373,40.658566,-73.838017
11374,40.658566,-73.838017
11375,40.658566,-73.838017
11377,40.658566,-73.838017
11378,40.658566,-73.838017
11379,40.658566,-73.838017
11380,40.658566,-73.838017
11381,40.658566,-73.838017
11385,40.658566,-73.838017
11386,40.658566,-73.838017
11390,40.658566,-73.838017
11405,40.658566,-73.838017
11411,40.658566,-73.838017
11412,40.658566,-73.838017
11413,40.658566,-73.838017
11414,40.658566,-73.838017
11415,40.658566,-73.838017
11416,40.658566,-73.838017
11417,40.658566,-73.838017
11418,40.658566,-73.838017
11419,40.658566,-73.838017
11420,40.658566,-73.838017
11421,40.658566,-73.838017
11422,40.658566,-73.838017
11423,40.658566,-73.838017
11424,40.658566,-73.838017
11425,40.658566,-73.838017
11426,40.658566,-73.838017
11427,40.658566,-73.838017
11428,40.658566,-73.838017
11429,40.658566,-73.838017
11430,40.658566,-73.838017
11431,40.658566,-73.838017
11432,40.658566,-73.838017
11433,40.658566,-73.838017
11434,40.658566,-73.838017
11435,40.658566,-73.838017
11436,40.658566,-73.838017
11439,40.658566,-73.838017
11451,40.658566,-73.838017
11499,40.658566,-73.838017
11690,40.658566,-73.838017
11691,40.658566,-73.838017
11692,40.658566,-73.838017
11693,40.658566,-73.838017
11694,40.658566,-73.838017
11695,40.658566,-73.838017
11697,40.658566,-73.838017
11201,40.635045,-73.95064
11202,40.635045,-73.95064
11203,40.635045,-73.95064
11204,40.635045,-73.95064
11205,40.635045,-73.95064
11206,40.635045,-73.95064
11207,40.635045,-73.95064
11208,40.635045,-73.95064
11209,40.635045,-73.95064
11210,40.635045,-73.95064
11211,40.635045,-73.95064
11212,40.635045,-73.95064
11213,40.635045,-73.95064
11214,40.635045,-73.95064
11215,40.635045,-73.95064
11216,40.635045,-73.95064
11217,40.635045,-73.95064
11218,40.635045,-73.95064
11219,40.635045,-73.95064
11220,40.635045,-73.95064
11221,40.635045,-73.95064
11222,40.635045,-73.95064
11223,40.635045,-73.95064
11224,40.635045,-73.95064
11225,40.635045,-73.95064
11226,40.635045,-73.95064
11228,40.635045,-73.95064
11229,40.635045,-73.95064
11230,40.635045,-73.95064
11231,40.635045,-73.95064
11232,40.635045,-73.95064
11233,40.635045,-73.95064
11234,40.635045,-73.95064
11235,40.635045,-73.95064
11236,40.635045,-73.95064
11237,40.635045,-73.95064
11238,40.635045,-73.95064
11239,40.635045,-73.95064
11240,40.635045,-73.95064
11241,40.635045,-73.95064
11242,40.635045,-73.95064
11243,40.635045,-73.95064
11245,40.635045,-73.95064
11247,40.635045,-73.95064
11249,40.635045,-73.95064
11251,40.635045,-73.95064
11252,40.635045,-73.95064
11256,40.635045,-73.95064
12007,42.58824,-73.97401
12009,42.58824,-73.97401
12023,42.58824,-73.97401
12041,42.58824,-73.97401
12045,42.58824,-73.97401
12046,42.58824,-73.97401
12047,42.58824,-73.97401
12054,42.58824,-73.97401
12055,42.58824,-73.97401
12057,42.58824,-73.97401
12059,42.58824,-73.97401
12067,42.58824,-73.97401
12077,42.58824,-73.97401
12084,42.58824,-73.97401
12085,42.58824,-73.97401
12107,42.58824,-73.97401
12110,42.58824,-73.97401
12111,42.58824,-73.97401
12120,42.58824,-73.97401
12128,42.58824,-73.97401
12143,42.58824,-73.97401
12147,42.58824,-73.97401
12158,42.58824,-73.97401
12159,42.58824,-73.97401
12161,42.58824,-73.97401
12183,42.58824,-73.97401
12186,42.58824,-73.97401
12189,42.58824,-73.97401
12193,42.58824,-73.97401
12201,42.58824,-73.97401
12202,42.58824,-73.97401
12203,42.58824,-73.97401
12204,42.58824,-73.97401
12205,42.58824,-73.97401
12206,42.58824,-73.97401
12207,42.58824,-73.97401
12208,42.58824,-73.97401
12209,42.58824,-73.97401
12210,42.58824,-73.97401
12211,42.58824,-73.97401
12212,42.58824,-73.97401
12214,42.58824,-73.97401
12220,42.58824,-73.97401
12222,42.58824,-73.97401
12223,42.58824,-73.97401
12224,42.58824,-73.97401
12225,42.58824,-73.97401
12226,42.58824,-73.97401
12227,42.58824,-73.97401
12228,42.58824,-73.97401
12229,42.58824,-73.97401
12230,42.58824,-73.97401
12231,42.58824,-73.97401
12232,42.58824,-73.97401
12233,42.58824,-73.97401
12234,42.58824,-73.97401
12235,42.58824,-73.97401
12236,42.58824,-73.97401
12237,42.58824,-73.97401
12238,42.58824,-73.97401
12239,42.58824,-73.97401
12240,42.58824,-73.97401
12241,42.58824,-73.97401
12242,42.58824,-73.97401
12243,42.58824,-73.97401
12244,42.58824,-73.97401
12245,42.58824,-73.97401
12246,42.58824,-73.97401
12247,42.58824,-73.97401
12248,42.58824,-73.97401
12249,42.58824,-73.97401
12250,42.58824,-73.97401
12252,42.58824,-73.97401
12255,42.58824,-73.97401
12256,42.58824,-73.97401
12257,42.58824,-73.97401
12260,42.58824,-73.97401
12261,42.58824,-73.97401
12262,42.58824,-73.97401
12288,42.58824,-73.97401
12469,42.58824,-73.97401
12008,42.817552,-74.043559
12053,42.817552,-74.043559
12056,42.817552,-74.043559
12137,42.817552,-74.043559
12141,42.817552,-74.043559
12150,42.817552,-74.043559
12301,42.817552,-74.043559
12302,42.817552,-74.043559
12303,42.817552,-74.043559
12304,42.817552,-74.043559
12305,42.817552,-74.043559
12306,42.817552,-74.043559
12307,42.817552,-74.043559
12308,42.817552,-74.043559
12309,42.817552,-74.043559
12325,42.817552,-74.043559
12345,42.817552,-74.043559
12010,42.900891,-74.435357
12016,42.900891,-74.435357
12066,42.900891,-74.435357
12068,42.900891,-74.435357
12069,42.900891,-74.435357
12070,42.900891,-74.435357
12072,42.900891,-74.435357
12086,42.900891,-74.435357
12166,42.900891,-74.435357
12177,42.900891,-74.435357
13317,42.900891,-74.435357
13339,42.900891,-74.435357
13410,42.900891,-74.435357
13428,42.900891,-74.435357
13452,42.900891,-74.435357
12015,42.28697,-74.149542
12042,42.28697,-74.149542
12051,42.28697,-74.149542
12058,42.28697,-74.149542
12083,42.28697,-74.149542
12087,42.28697,-74.149542
12124,42.28697,-74.149542
12176,42.28697,-74.149542
12192,42.28697,-74.149542
12405,42.28697,-74.149542
12407,42.28697,-74.149542
12413,42.28697,-74.149542
12414,42.28697,-74.149542
12418,42.28697,-74.149542
12422,42.28697,-74.149542
12423,42.28697,-74.149542
12424,42.28697,-74.149542
12427,42.28697,-74.149542
12431,42.28697,-74.149542
12436,42.28697,-74.149542
12439,42.28697,-74.149542
12442,42.28697,-74.149542
12444,42.28697,-74.149542
12450,42.28697,-74.149542
12451,42.28697,-74.149542
12452,42.28697,-74.149542
12454,42.28697,-74.149542
12460,42.28697,-74.149542
12463,42.28697,-74.149542
12468,42.28697,-74.149542
12470,42.28697,-74.149542
12473,42.28697,-74.149542
12482,42.28697,-74.149542
12485,42.28697,-74.149542
12492,42.28697,-74.149542
12496,42.28697,-74.149542
12017,42.247729,-73.626806
12029,42.247729,-73.626806
12037,42.247729,-73.626806
12050,42.247729,-73.626806
12060,42.247729,-73.626806
12075,42.247729,-73.626806
12106,42.247729,-73.626806
12115,42.247729,-73.626806
12125,42.247729,-73.626806
12130,42.247729,-73.626806
12132,42.247729,-73.626806
12136,42.247729,-73.626806
12165,42.247729,-73.626806
12172,42.247729,-73.626806
12173,42.247729,-73.626806
12174,42.247729,-73.626806
12184,42.247729,-73.626806
12195,42.247729,-73.626806
12502,42.247729,-73.626806
12503,42.247729,-73.626806
12513,42.247729,-73.626806
12516,42.247729,-73.626806
12517,42.247729,-73.626806
12521,42.247729,-73.626806
12523,42.247729,-73.626806
12526,42.247729,-73.626806
12529,42.247729,-73.626806
12530,42.247729,-73.626806
12534,42.247729,-73.626806
12541,42.247729,-73.626806
12544,42.247729,-73.626806
12565,42.247729,-73.626806
12593,42.247729,-73.626806
12018,42.710421,-73.513845
12022,42.710421,-73.513845
12024,42.710421,-73.513845
12028,42.710421,-73.513845
12033,42.710421,-73.513845
12040,42.710421,-73.513845
12052,42.710421,-73.513845
12061,42.710421,-73.513845
12062,42.710421,-73.513845
12063,42.710421,-73.513845
12082,42.710421,-73.513845
12089,42.710421,-73.513845
12090,42.710421,-73.513845
12094,42.710421,-73.513845
12121,42.710421,-73.513845
12123,42.710421,-73.513845
12133,42.710421,-73.513845
12138,42.710421,-73.513845
12140,42.710421,-73.513845
12144,42.710421,-73.513845
12153,42.710421,-73.513845
12154,42.710421,-73.513845
12156,42.710421,-73.513845
12162,42.710421,-73.513845
12168,42.710421,-73.513845
12169,42.710421,-73.513845
12179,42.710421,-73.513845
12180,42.710421,-73.513845
12181,42.710421,-73.513845
12182,42.710421,-73.513845
12185,42.710421,-73.513845
12196,42.710421,-73.513845
12198,42.710421,-73.513845
12019,43.106135,-73.855387
12020,43.106135,-73.855387
12027,43.106135,-73.855387
12065,43.106135,-73.855387
12074,43.106135,-73.855387
12118,43.106135,-73.855387
12148,43.106135,-73.855387
12151,43.106135,-73.855387
12170,43.106135,-73.855387
12188,43.106135,-73.855387
12803,43.106135,-73.855387
12822,43.106135,-73.855387
12831,43.106135,-73.855387
12833,43.106135,-73.855387
12835,43.106135,-73.855387
12850,43.106135,-73.855387
12859,43.106135,-73.855387
12863,43.106135,-73.855387
12866,43.106135,-73.855387
12871,43.106135,-73.855387
12884,43.106135,-73.855387
12025,43.115609,-74.423678
12032,43.115609,-74.423678
12078,43.115609,-74.423678
12095,43.115609,-74.423678
12117,43.115609,-74.423678
12134,43.115609,-74.423678
13470,43.115609,-74.423678
12031,42.591294,-74.438172
12035,42.591294,-74.438172
12036,42.591294,-74.438172
12043,42.591294,-74.438172
12071,42.591294,-74.438172
12073,42.591294,-74.438172
12076,42.591294,-74.438172
12092,42.591294,-74.438172
12093,42.591294,-74.438172
12122,42.591294,-74.438172
12131,42.591294,-74.438172
12149,42.591294,-74.438172
12157,42.591294,-74.438172
12160,42.591294,-74.438172
12175,42.591294,-74.438172
12187,42.591294,-74.438172
12194,42.591294,-74.438172
13459,42.591294,-74.438172
12064,42.629776,-75.028841
12116,42.629776,-75.028841
12155,42.629776,-75.028841
12197,42.629776,-75.028841
13315,42.629776,-75.028841
13320,42.629776,-75.028841
13326,42.629776,-75.028841
13333,42.629776,-75.028841
13335,42.629776,-75.028841
13337,42.629776,-75.028841
13342,42.629776,-75.028841
13348,42.629776,-75.028841
13415,42.629776,-75.028841
13439,42.629776,-75.028841
13450,42.629776,-75.028841
13457,42.629776,-75.028841
13468,42.629776,-75.028841
13482,42.629776,-75.028841
13488,42.629776,-75.028841
13747,42.629776,-75.028841
13776,42.629776,-75.028841
13796,42.629776,-75.028841
13807,42.629776,-75.028841
13808,42.629776,-75.028841
13810,42.629776,-75.028841
13820,42.629776,-75.028841
13825,42.629776,-75.028841
13834,42.629776,-75.028841
13849,42.629776,-75.028841
13859,42.629776,-75.028841
13861,42.629776,-75.028841
12108,43.657879,-74.502456
12139,43.657879,-74.502456
12164,43.657879,-74.502456
12190,43.657879,-74.502456
12812,43.657879,-74.502456
12842,43.657879,-74.502456
12847,43.657879,-74.502456
12864,43.657879,-74.502456
13353,43.657879,-74.502456
13360,43.657879,-74.502456
13436,43.657879,-74.502456
12167,42.193986,-74.966728
12406,42.193986,-74.966728
12421,42.193986,-74.966728
12430,42.193986,-74.966728
12434,42.193986,-74.966728
12438,42.193986,-74.966728
12455,42.193986,-74.966728
12459,42.193986,-74.966728
12474,42.193986,-74.966728
13731,42.193986,-74.966728
13739,42.193986,-74.966728
13740,42.193986,-74.966728
13750,42.193986,-74.966728
13751,42.193986,-74.966728
13752,42.193986,-74.966728
13753,42.193986,-74.966728
13755,42.193986,-74.966728
13756,42.193986,-74.966728
13757,42.193986,-74.966728
13774,42.193986,-74.966728
13775,42.193986,-74.966728
13782,42.193986,-74.966728
13783,42.193986,-74.966728
13786,42.193986,-74.966728
13788,42.193986,-74.966728
13804,42.193986,-74.966728
13806,42.193986,-74.966728
13837,42.193986,-74.966728
13838,42.193986,-74.966728
13839,42.193986,-74.966728
13842,42.193986,-74.966728
13846,42.193986,-74.966728
13847,42.193986,-74.966728
13856,42.193986,-74.966728
13860,42.193986,-74.966728
12401,41.947212,-74.265458
12402,41.947212,-74.265458
12404,41.947212,-74.265458
12409,41.947212,-74.265458
12410,41.947212,-74.265458
12411,41.947212,-74.265458
12412,41.947212,-74.265458
12416,41.947212,-74.265458
12417,41.947212,-74.265458
12419,41.947212,-74.265458
12420,41.947212,-74.265458
12428,41.947212,-74.265458
12429,41.947212,-74.265458
12432,41.947212,-74.265458
12433,41.947212,-74.265458
12435,41.947212,-74.265458
12440,41.947212,-74.265458
12441,41.947212,-74.265458
12443,41.947212,-74.265458
12446,41.947212,-74.265458
12448,41.947212,-74.265458
12449,41.947212,-74.265458
12453,41.947212,-74.265458
12456,41.947212,-74.265458
12457,41.947212,-74.265458
12458,41.947212,-74.265458
12461,41.947212,-74.265458
12464,41.947212,-74.265458
12465,41.947212,-74.265458
12466,41.947212,-74.265458
12471,41.947212,-74.265458
12472,41.947212,-74.265458
12475,41.947212,-74.265458
12477,41.947212,-74.265458
12480,41.947212,-74.265458
12481,41.947212,-74.265458
12483,41.947212,-74.265458
12484,41.947212,-74.265458
12486,41.947212,-74.265458
12487,41.947212,-74.265458
12489,41.947212,-74.265458
12490,41.947212,-74.265458
12491,41.947212,-74.265458
12493,41.947212,-74.265458
12494,41.947212,-74.265458
12495,41.947212,-74.265458
12498,41.947212,-74.265458
12515,41.947212,-74.265458
12525,41.947212,-74.265458
12528,41.947212,-74.265458
12542,41.947212,-74.265458
12547,41.947212,-74.265458
12548,41.947212,-74.265458
12561,41.947212,-74.265458
12568,41.947212,-74.265458
12588,41.947212,-74.265458
12589,41.947212,-74.265458
12501,41.75477,-73.740041
12504,41.75477,-73.740041
12506,41.75477,-73.740041
12507,41.75477,-73.740041
12508,41.75477,-73.740041
12510,41.75477,-73.740041
12511,41.75477,-73.740041
12512,41.75477,-73.740041
12514,41.75477,-73.740041
12522,41.75477,-73.740041
12524,41.75477,-73.740041
12527,41.75477,-73.740041
12531,41.75477,-73.740041
12533,41.75477,-73.740041
12537,41.75477,-73.740041
12538,41.75477,-73.740041
12540,41.75477,-73.740041
12545,41.75477,-73.740041
12546,41.75477,-73.740041
12564,41.75477,-73.740041
12567,41.75477,-73.740041
12569,41.75477,-73.740041
12570,41.75477,-73.740041
12571,41.75477,-73.740041
12572,41.75477,-73.740041
12574,41.75477,-73.740041
12578,41.75477,-73.740041
12580,41.75477,-73.740041
12581,41.75477,-73.740041
12582,41.75477,-73.740041
12583,41.75477,-73.740041
12585,41.75477,-73.740041
12590,41.75477,-73.740041
12592,41.75477,-73.740041
12594,41.75477,-73.740041
12601,41.75477,-73.740041
12602,41.75477,-73.740041
12603,41.75477,-73.740041
12604,41.75477,-73.740041
12701,41.719993,-74.771577
12719,41.719993,-74.771577
12720,41.719993,-74.771577
12721,41.719993,-74.771577
12722,41.719993,-74.771577
12723,41.719993,-74.771577
12724,41.719993,-74.771577
12725,41.719993,-74.771577
12726,41.719993,-74.771577
12727,41.719993,-74.771577
12732,41.719993,-74.771577
12733,41.719993,-74.771577
12734,41.719993,-74.771577
12736,41.719993,-74.771577
12737,41.719993,-74.771577
12738,41.719993,-74.771577
12740,41.719993,-74.771577
12741,41.719993,-74.771577
12742,41.719993,-74.771577
12743,41.719993,-74.771577
12745,41.719993,-74.771577
12747,41.719993,-74.771577
12748,41.719993,-74.771577
12749,41.719993,-74.771577
12750,41.719993,-74.771577
12751,41.719993,-74.771577
12752,41.719993,-74.771577
12754,41.719993,-74.771577
12758,41.719993,-74.771577
12759,41.719993,-74.771577
12760,41.719993,-74.771577
12762,41.719993,-74.771577
12763,41.719993,-74.771577
12764,41.719993,-74.771577
12765,41.719993,-74.771577
12766,41.719993,-74.771577
12767,41.719993,-74.771577
12768,41.719993,-74.771577
12769,41.719993,-74.771577
12770,41.719993,-74.771577
12775,41.719993,-74.771577
12776,41.719993,-74.771577
12777,41.719993,-74.771577
12778,41.719993,-74.771577
12779,41.719993,-74.771577
12781,41.719993,-74.771577
12783,41.719993,-74.771577
12784,41.719993,-74.771577
12785,41.719993,-74.771577
12786,41.719993,-74.771577
12787,41.719993,-74.771577
12788,41.719993,-74.771577
12789,41.719993,-74.771577
12790,41.719993,-74.771577
12791,41.719993,-74.771577
12792,41.719993,-74.771577
12801,43.555105,-73.838139
12804,43.555105,-73.838139
12808,43.555105,-73.838139
12810,43.555105,-73.838139
12811,43.555105,-73.838139
12814,43.555105,-73.838139
12815,43.555105,-73.838139
12817,43.555105,-73.838139
12820,43.555105,-73.838139
12824,43.555105,-73.838139
12836,43.555105,-73.838139
12843,43.555105,-73.838139
12844,43.555105,-73.838139
12845,43.555105,-73.838139
12846,43.555105,-73.838139
12853,43.555105,-73.838139
12856,43.555105,-73.838139
12860,43.555105,-73.838139
12862,43.555105,-73.838139
12874,43.555105,-73.838139
12878,43.555105,-73.838139
12885,43.555105,-73.838139
12886,43.555105,-73.838139
12809,43.312377,-73.439428
12816,43.312377,-73.439428
12819,43.312377,-73.439428
12821,43.312377,-73.439428
12823,43.312377,-73.439428
12827,43.312377,-73.439428
12828,43.312377,-73.439428
12832,43.312377,-73.439428
12834,43.312377,-73.439428
12837,43.312377,-73.439428
12838,43.312377,-73.439428
12839,43.312377,-73.439428
12841,43.312377,-73.439428
12848,43.312377,-73.439428
12849,43.312377,-73.439428
12854,43.312377,-73.439428
12861,43.312377,-73.439428
12865,43.312377,-73.439428
12873,43.312377,-73.439428
12887,43.312377,-73.439428
12851,44.109601,-73.778431
12852,44.109601,-73.778431
12855,44.109601,-73.778431
12857,44.109601,-73.778431
12858,44.109601,-73.778431
12870,44.109601,-73.778431
12872,44.109601,-73.778431
12879,44.109601,-73.778431
12883,44.109601,-73.778431
12913,44.109601,-73.778431
12928,44.109601,-73.778431
12932,44.109601,-73.778431
12936,44.109601,-73.778431
12941,44.109601,-73.778431
12942,44.109601,-73.778431
12943,44.109601,-73.778431
12944,44.109601,-73.778431
12946,44.109601,-73.778431
12950,44.109601,-73.778431
12956,44.109601,-73.778431
12960,44.109601,-73.778431
12961,44.109601,-73.778431
12964,44.109601,-73.778431
12974,44.109601,-73.778431
12975,44.109601,-73.778431
12977,44.109601,-73.778431
12987,44.109601,-73.778431
12993,44.109601,-73.778431
12996,44.109601,-73.778431
12997,44.109601,-73.778431
12998,44.109601,-73.778431
12901,44.752712,-73.705643
12903,44.752712,-73.705643
12910,44.752712,-73.705643
12911,44.752712,-73.705643
12912,44.752712,-73.705643
12918,44.752712,-73.705643
12919,44.752712,-73.705643
12921,44.752712,-73.705643
12923,44.752712,-73.705643
12924,44.752712,-73.705643
12929,44.752712,-73.705643
12933,44.752712,-73.705643
12934,44.752712,-73.705643
12935,44.752712,-73.705643
12952,44.752712,-73.705643
12955,44.752712,-73.705643
12958,44.752712,-73.705643
12959,44.752712,-73.705643
12962,44.752712,-73.705643
12972,44.752712,-73.705643
12978,44.752712,-73.705643
12979,44.752712,-73.705643
12981,44.752712,-73.705643
12985,44.752712,-73.705643
12992,44.752712,-73.705643
12914,44.594376,-74.31067
12915,44.594376,-74.31067
12916,44.594376,-74.31067
12917,44.594376,-74.31067
12920,44.594376,-74.31067
12926,44.594376,-74.31067
12930,44.594376,-74.31067
12937,44.594376,-74.31067
12939,44.594376,-74.31067
12945,44.594376,-74.31067
12953,44.594376,-74.31067
12957,44.594376,-74.31067
12966,44.594376,-74.31067
12969,44.594376,-74.31067
12970,44.594376,-74.31067
12976,44.594376,-74.31067
12980,44.594376,-74.31067
12983,44.594376,-74.31067
12986,44.594376,-74.31067
12989,44.594376,-74.31067
12995,44.594376,-74.31067
13655,44.594376,-74.31067
12922,44.488112,-75.074311
12927,44.488112,-75.074311
12949,44.488112,-75.074311
12965,44.488112,-75.074311
12967,44.488112,-75.074311
12973,44.488112,-75.074311
13613,44.488112,-75.074311
13614,44.488112,-75.074311
13617,44.488112,-75.074311
13621,44.488112,-75.074311
13623,44.488112,-75.074311
13625,44.488112,-75.074311
13630,44.488112,-75.074311
13633,44.488112,-75.074311
13635,44.488112,-75.074311
13639,44.488112,-75.074311
13642,44.488112,-75.074311
13645,44.488112,-75.074311
13646,44.488112,-75.074311
13647,44.488112,-75.074311
13649,44.488112,-75.074311
13652,44.488112,-75.074311
13654,44.488112,-75.074311
13658,44.488112,-75.074311
13660,44.488112,-75.074311
13662,44.488112,-75.074311
13664,44.488112,-75.074311
13666,44.488112,-75.074311
13667,44.488112,-75.074311
13668,44.488112,-75.074311
13669,44.488112,-75.074311
13670,44.488112,-75.074311
13672,44.488112,-75.074311
13676,44.488112,-75.074311
13677,44.488112,-75.074311
13678,44.488112,-75.074311
13680,44.488112,-75.074311
13681,44.488112,-75.074311
13683,44.488112,-75.074311
13684,44.488112,-75.074311
13687,44.488112,-75.074311
13690,44.488112,-75.074311
13694,44.488112,-75.074311
13695,44.488112,-75.074311
13696,44.488112,-75.074311
13697,44.488112,-75.074311
13699,44.488112,-75.074311
13020,43.006516,-76.196134
13027,43.006516,-76.196134
13029,43.006516,-76.196134
13030,43.006516,-76.196134
13031,43.006516,-76.196134
13039,43.006516,-76.196134
13041,43.006516,-76.196134
13051,43.006516,-76.196134
13057,43.006516,-76.196134
13060,43.006516,-76.196134
13063,43.006516,-76.196134
13066,43.006516,-76.196134
13078,43.006516,-76.196134
13080,43.006516,-76.196134
13082,43.006516,-76.196134
13084,43.006516,-76.196134
13088,43.006516,-76.196134
13089,43.006516,-76.196134
13090,43.006516,-76.196134
13104,43.006516,-76.196134
13108,43.006516,-76.196134
13110,43.006516,-76.196134
13112,43.006516,-76.196134
13116,43.006516,-76.196134
13119,43.006516,-76.196134
13120,43.006516,-76.196134
13137,43.006516,-76.196134
13138,43.006516,-76.196134
13152,43.006516,-76.196134
13153,43.006516,-76.196134
13159,43.006516,-76.196134
13164,43.006516,-76.196134
13201,43.006516,-76.196134
13202,43.006516,-76.196134
13203,43.006516,-76.196134
13204,43.006516,-76.196134
13205,43.006516,-76.196134
13206,43.006516,-76.196134
13207,43.006516,-76.196134
13208,43.006516,-76.196134
13209,43.006516,-76.196134
13210,43.006516,-76.196134
13211,43.006516,-76.196134
13212,43.006516,-76.196134
13214,43.006516,-76.196134
13215,43.006516,-76.196134
13217,43.006516,-76.196134
13218,43.006516,-76.196134
13219,43.006516,-76.196134
13220,43.006516,-76.196134
13221,43.006516,-76.196134
13224,43.006516,-76.196134
13225,43.006516,-76.196134
13235,43.006516,-76.196134
13244,43.006516,-76.196134
13250,43.006516,-76.196134
13251,43.006516,-76.196134
13252,43.006516,-76.196134
13261,43.006516,-76.196134
13290,43.006516,-76.196134
13021,43.008546,-76.574587
13022,43.008546,-76.574587
13024,43.008546,-76.574587
13026,43.008546,-76.574587
13033,43.008546,-76.574587
13034,43.008546,-76.574587
13071,43.008546,-76.574587
13081,43.008546,-76.574587
13092,43.008546,-76.574587
13111,43.008546,-76.574587
13113,43.008546,-76.574587
13117,43.008546,-76.574587
13118,43.008546,-76.574587
13139,43.008546,-76.574587
13140,43.008546,-76.574587
13147,43.008546,-76.574587
13156,43.008546,-76.574587
13160,43.008546,-76.574587
13166,43.008546,-76.574587
13028,43.461443,-76.209262
13036,43.461443,-76.209262
13042,43.461443,-76.209262
13044,43.461443,-76.209262
13064,43.461443,-76.209262
13069,43.461443,-76.209262
13074,43.461443,-76.209262
13076,43.461443,-76.209262
13083,43.461443,-76.209262
13093,43.461443,-76.209262
13103,43.461443,-76.209262
13107,43.461443,-76.209262
13114,43.461443,-76.209262
13115,43.461443,-76.209262
13121,43.461443,-76.209262
13126,43.461443,-76.209262
13131,43.461443,-76.209262
13132,43.461443,-76.209262
13135,43.461443,-76.209262
13142,43.461443,-76.209262
13144,43.461443,-76.209262
13145,43.461443,-76.209262
13167,43.461443,-76.209262
13302,43.461443,-76.209262
13426,43.461443,-76.209262
13437,43.461443,-76.209262
13493,43.461443,-76.209262
13032,42.910026,-75.663575
13035,42.910026,-75.663575
13037,42.910026,-75.663575
13043,42.910026,-75.663575
13052,42.910026,-75.663575
13061,42.910026,-75.663575
13072,42.910026,-75.663575
13122,42.910026,-75.663575
13134,42.910026,-75.663575
13163,42.910026,-75.663575
13310,42.910026,-75.663575
13314,42.910026,-75.663575
13334,42.910026,-75.663575
13346,42.910026,-75.663575
13355,42.910026,-75.663575
13364,42.910026,-75.663575
13402,42.910026,-75.663575
13408,42.910026,-75.663575
13409,42.910026,-75.663575
13418,42.910026,-75.663575
13421,42.910026,-75.663575
13465,42.910026,-75.663575
13484,42.910026,-75.663575
13485,42.910026,-75.663575
13040,42.594039,-76.07624
13045,42.594039,-76.07624
13056,42.594039,-76.07624
13077,42.594039,-76.07624
13087,42.594039,-76.07624
13101,42.594039,-76.07624
13141,42.594039,-76.07624
13158,42.594039,-76.07624
13738,42.594039,-76.07624
13784,42.594039,-76.07624
13803,42.594039,-76.07624
13863,42.594039,-76.07624
13053,42.453006,-76.473483
13062,42.453006,-76.473483
13068,42.453006,-76.473483
13073,42.453006,-76.473483
13102,42.453006,-76.473483
14817,42.453006,-76.473483
14850,42.453006,-76.473483
14851,42.453006,-76.473483
14852,42.453006,-76.473483
14853,42.453006,-76.473483
14854,42.453006,-76.473483
14867,42.453006,-76.473483
14881,42.453006,-76.473483
14882,42.453006,-76.473483
14886,42.453006,-76.473483
13054,43.242727,-75.434282
13123,43.242727,-75.434282
13157,43.242727,-75.434282
13162,43.242727,-75.434282
13301,43.242727,-75.434282
13303,43.242727,-75.434282
13304,43.242727,-75.434282
13308,43.242727,-75.434282
13309,43.242727,-75.434282
13313,43.242727,-75.434282
13316,43.242727,-75.434282
13318,43.242727,-75.434282
13319,43.242727,-75.434282
13321,43.242727,-75.434282
13322,43.242727,-75.434282
13323,43.242727,-75.434282
13328,43.242727,-75.434282
13338,43.242727,-75.434282
13341,43.242727,-75.434282
13352,43.242727,-75.434282
13354,43.242727,-75.434282
13362,43.242727,-75.434282
13363,43.242727,-75.434282
13401,43.242727,-75.434282
13403,43.242727,-75.434282
13413,43.242727,-75.434282
13417,43.242727,-75.434282
13424,43.242727,-75.434282
13425,43.242727,-75.434282
13435,43.242727,-75.434282
13438,43.242727,-75.434282
13440,43.242727,-75.434282
13441,43.242727,-75.434282
13442,43.242727,-75.434282
13449,43.242727,-75.434282
13455,43.242727,-75.434282
13456,43.242727,-75.434282
13461,43.242727,-75.434282
13469,43.242727,-75.434282
13471,43.242727,-75.434282
13476,43.242727,-75.434282
13477,43.242727,-75.434282
13478,43.242727,-75.434282
13479,43.242727,-75.434282
13480,43.242727,-75.434282
13483,43.242727,-75.434282
13486,43.242727,-75.434282
13490,43.242727,-75.434282
13492,43.242727,-75.434282
13494,43.242727,-75.434282
13495,43.242727,-75.434282
13501,43.242727,-75.434282
13502,43.242727,-75.434282
13503,43.242727,-75.434282
13504,43.242727,-75.434282
13505,43.242727,-75.434282
13599,43.242727,-75.434282
13065,42.782294,-76.827088
13148,42.782294,-76.827088
13165,42.782294,-76.827088
14521,42.782294,-76.827088
14541,42.782294,-76.827088
14588,42.782294,-76.827088
14847,42.782294,-76.827088
14860,42.782294,-76.827088
13124,42.478024,-75.602241
13129,42.478024,-75.602241
13136,42.478024,-75.602241
13155,42.478024,-75.602241
13332,42.478024,-75.602241
13411,42.478024,-75.602241
13460,42.478024,-75.602241
13464,42.478024,-75.602241
13730,42.478024,-75.602241
13733,42.478024,-75.602241
13758,42.478024,-75.602241
13778,42.478024,-75.602241
13780,42.478024,-75.602241
13801,42.478024,-75.602241
13809,42.478024,-75.602241
13814,42.478024,-75.602241
13815,42.478024,-75.602241
13830,42.478024,-75.602241
13832,42.478024,-75.602241
13841,42.478024,-75.602241
13843,42.478024,-75.602241
13844,42.478024,-75.602241
13143,43.458758,-77.063164
13146,43.458758,-77.063164
13154,43.458758,-77.063164
14413,43.458758,-77.063164
14433,43.458758,-77.063164
14449,43.458758,-77.063164
14489,43.458758,-77.063164
14502,43.458758,-77.063164
14505,43.458758,-77.063164
14513,43.458758,-77.063164
14516,43.458758,-77.063164
14519,43.458758,-77.063164
14520,43.458758,-77.063164
14522,43.458758,-77.063164
14538,43.458758,-77.063164
14542,43.458758,-77.063164
14551,43.458758,-77.063164
14555,43.458758,-77.063164
14563,43.458758,-77.063164
14568,43.458758,-77.063164
14589,43.458758,-77.063164
14590,43.458758,-77.063164
13305,43.782681,-75.44414
13312,43.782681,-75.44414
13325,43.782681,-75.44414
13327,43.782681,-75.44414
13343,43.782681,-75.44414
13345,43.782681,-75.44414
13367,43.782681,-75.44414
13368,43.782681,-75.44414
13404,43.782681,-75.44414
13433,43.782681,-75.44414
13473,43.782681,-75.44414
13489,43.782681,-75.44414
13620,43.782681,-75.44414
13626,43.782681,-75.44414
13627,43.782681,-75.44414
13631,43.782681,-75.44414
13648,43.782681,-75.44414
13324,43.407489,-75.011683
13329,43.407489,-75.011683
13331,43.407489,-75.011683
13340,43.407489,-75.011683
13350,43.407489,-75.011683
13357,43.407489,-75.011683
13361,43.407489,-75.011683
13365,43.407489,-75.011683
13406,43.407489,-75.011683
13407,43.407489,-75.011683
13416,43.407489,-75.011683
13420,43.407489,-75.011683
13431,43.407489,-75.011683
13454,43.407489,-75.011683
13472,43.407489,-75.011683
13475,43.407489,-75.011683
13491,43.407489,-75.011683
13601,43.996389,-76.052968
13602,43.996389,-76.052968
13603,43.996389,-76.052968
13605,43.996389,-76.052968
13606,43.996389,-76.052968
13607,43.996389,-76.052968
13608,43.996389,-76.052968
13611,43.996389,-76.052968
13612,43.996389,-76.052968
13615,43.996389,-76.052968
13616,43.996389,-76.052968
13618,43.996389,-76.052968
13619,43.996389,-76.052968
13622,43.996389,-76.052968
13624,43.996389,-76.052968
13628,43.996389,-76.052968
13632,43.996389,-76.052968
13634,43.996389,-76.052968
13636,43.996389,-76.052968
13637,43.996389,-76.052968
13638,43.996389,-76.052968
13640,43.996389,-76.052968
13641,43.996389,-76.052968
13643,43.996389,-76.052968
13650,43.996389,-76.052968
13651,43.996389,-76.052968
13656,43.996389,-76.052968
13657,43.996389,-76.052968
13659,43.996389,-76.052968
13661,43.996389,-76.052968
13665,43.996389,-76.052968
13671,43.996389,-76.052968
13673,43.996389,-76.052968
13674,43.996389,-76.052968
13675,43.996389,-76.052968
13679,43.996389,-76.052968
13682,43.996389,-76.052968
13685,43.996389,-76.052968
13688,43.996389,-76.052968
13691,43.996389,-76.052968
13692,43.996389,-76.052968
13693,43.996389,-76.052968
13732,42.178057,-76.297456
13734,42.178057,-76.297456
13736,42.178057,-76.297456
13743,42.178057,-76.297456
13811,42.178057,-76.297456
13812,42.178057,-76.297456
13827,42.178057,-76.297456
13835,42.178057,-76.297456
13840,42.178057,-76.297456
13845,42.178057,-76.297456
13864,42.178057,-76.297456
14859,42.178057,-76.297456
14883,42.178057,-76.297456
14892,42.178057,-76.297456
13737,42.161977,-75.830283
13744,42.161977,-75.830283
13745,42.161977,-75.830283
13746,42.161977,-75.830283
13748,42.161977,-75.830283
13749,42.161977,-75.830283
13754,42.161977,-75.830283
13760,42.161977,-75.830283
13761,42.161977,-75.830283
13762,42.161977,-75.830283
13763,42.161977,-75.830283
13777,42.161977,-75.830283
13787,42.161977,-75.830283
13790,42.161977,-75.830283
13794,42.161977,-75.830283
13795,42.161977,-75.830283
13797,42.161977,-75.830283
13802,42.161977,-75.830283
13813,42.161977,-75.830283
13826,42.161977,-75.830283
13833,42.161977,-75.830283
13848,42.161977,-75.830283
13850,42.161977,-75.830283
13851,42.161977,-75.830283
13862,42.161977,-75.830283
13865,42.161977,-75.830283
13901,42.161977,-75.830283
13902,42.161977,-75.830283
13903,42.161977,-75.830283
13904,42.161977,-75.830283
13905,42.161977,-75.830283
14001,42.752759,-78.778192
14004,42.752759,-78.778192
14006,42.752759,-78.778192
14010,42.752759,-78.778192
14025,42.752759,-78.778192
14026,42.752759,-78.778192
14027,42.752759,-78.778192
14030,42.752759,-78.778192
14031,42.752759,-78.778192
14032,42.752759,-78.778192
14033,42.752759,-78.778192
14034,42.752759,-78.778192
14035,42.752759,-78.778192
14038,42.752759,-78.778192
14043,42.752759,-78.778192
14047,42.752759,-78.778192
14051,42.752759,-78.778192
14052,42.752759,-78.778192
14055,42.752759,-78.778192
14057,42.752759,-78.778192
14059,42.752759,-78.778192
14061,42.752759,-78.778192
14068,42.752759,-78.778192
14069,42.752759,-78.778192
14072,42.752759,-78.778192
14075,42.752759,-78.778192
14080,42.752759,-78.778192
14085,42.752759,-78.778192
14086,42.752759,-78.778192
14091,42.752759,-78.778192
14102,42.752759,-78.778192
14110,42.752759,-78.778192
14111,42.752759,-78.778192
14112,42.752759,-78.778192
14127,42.752759,-78.778192
14134,42.752759,-78.778192
14139,42.752759,-78.778192
14140,42.752759,-78.778192
14141,42.752759,-78.778192
14150,42.752759,-78.778192
14151,42.752759,-78.778192
14169,42.752759,-78.778192
14170,42.752759,-78.778192
14201,42.752759,-78.778192
14202,42.752759,-78.778192
14203,42.752759,-78.778192
14204,42.752759,-78.778192
14205,42.752759,-78.778192
14206,42.752759,-78.778192
14207,42.752759,-78.778192
14208,42.752759,-78.778192
14209,42.752759,-78.778192
14210,42.752759,-78.778192
14211,42.752759,-78.778192
14212,42.752759,-78.778192
14213,42.752759,-78.778192
14214,42.752759,-78.778192
14215,42.752759,-78.778192
14216,42.752759,-78.778192
14217,42.752759,-78.778192
14218,42.752759,-78.778192
14219,42.752759,-78.778192
14220,42.752759,-78.778192
14221,42.752759,-78.778192
14222,42.752759,-78.778192
14223,42.752759,-78.778192
14224,42.752759,-78.778192
14225,42.752759,-78.778192
14226,42.752759,-78.778192
14227,42.752759,-78.778192
14228,42.752759,-78.778192
14231,42.752759,-78.778192
14233,42.752759,-78.778192
14240,42.752759,-78.778192
14241,42.752759,-78.778192
14260,42.752759,-78.778192
14261,42.752759,-78.778192
14263,42.752759,-78.778192
14264,42.752759,-78.778192
14265,42.752759,-78.778192
14267,42.752759,-78.778192
14269,42.752759,-78.778192
14270,42.752759,-78.778192
14272,42.752759,-78.778192
14273,42.752759,-78.778192
14276,42.752759,-78.778192
14280,42.752759,-78.778192
14003,43.00091,-78.192778
14005,43.00091,-78.192778
14013,43.00091,-78.192778
14020,43.00091,-78.192778
14021,43.00091,-78.192778
14036,43.00091,-78.192778
14040,43.00091,-78.192778
14054,43.00091,-78.192778
14056,43.00091,-78.192778
14058,43.00091,-78.192778
14125,43.00091,-78.192778
14143,43.00091,-78.192778
14416,43.00091,-78.192778
14422,43.00091,-78.192778
14482,43.00091,-78.192778
14486,43.00091,-78.192778
14525,43.00091,-78.192778
14557,43.00091,-78.192778
14008,43.456731,-78.792142
14012,43.456731,-78.792142
14028,43.456731,-78.792142
14067,43.456731,-78.792142
14092,43.456731,-78.792142
14094,43.456731,-78.792142
14095,43.456731,-78.792142
14105,43.456731,-78.792142
14107,43.456731,-78.792142
14108,43.456731,-78.792142
14109,43.456731,-78.792142
14120,43.456731,-78.792142
14126,43.456731,-78.792142
14131,43.456731,-78.792142
14132,43.456731,-78.792142
14144,43.456731,-78.792142
14172,43.456731,-78.792142
14174,43.456731,-78.792142
14301,43.456731,-78.792142
14302,43.456731,-78.792142
14303,43.456731,-78.792142
14304,43.456731,-78.792142
14305,43.456731,-78.792142
14009,42.701363,-78.228567
14011,42.701363,-78.228567
14024,42.701363,-78.228567
14037,42.701363,-78.228567
14039,42.701363,-78.228567
14066,42.701363,-78.228567
14082,42.701363,-78.228567
14083,42.701363,-78.228567
14113,42.701363,-78.228567
14130,42.701363,-78.228567
14145,42.701363,-78.228567
14167,42.701363,-78.228567
14427,42.701363,-78.228567
14530,42.701363,-78.228567
14536,42.701363,-78.228567
14549,42.701363,-78.228567
14550,42.701363,-78.228567
14569,42.701363,-78.228567
14591,42.701363,-78.228567
14029,42.247853,-78.026153
14707,42.247853,-78.026153
14708,42.247853,-78.026153
14709,42.247853,-78.026153
14711,42.247853,-78.026153
14714,42.247853,-78.026153
14715,42.247853,-78.026153
14717,42.247853,-78.026153
14721,42.247853,-78.026153
14727,42.247853,-78.026153
14735,42.247853,-78.026153
14739,42.247853,-78.026153
14744,42.247853,-78.026153
14745,42.247853,-78.026153
14754,42.247853,-78.026153
14774,42.247853,-78.026153
14777,42.247853,-78.026153
14786,42.247853,-78.026153
14802,42.247853,-78.026153
14803,42.247853,-78.026153
14804,42.247853,-78.026153
14806,42.247853,-78.026153
14813,42.247853,-78.026153
14822,42.247853,-78.026153
14880,42.247853,-78.026153
14884,42.247853,-78.026153
14895,42.247853,-78.026153
14897,42.247853,-78.026153
14041,42.239099,-78.662332
14042,42.239099,-78.662332
14060,42.239099,-78.662332
14065,42.239099,-78.662332
14070,42.239099,-78.662332
14101,42.239099,-78.662332
14129,42.239099,-78.662332
14133,42.239099,-78.662332
14138,42.239099,-78.662332
14168,42.239099,-78.662332
14171,42.239099,-78.662332
14173,42.239099,-78.662332
14706,42.239099,-78.662332
14719,42.239099,-78.662332
14726,42.239099,-78.662332
14729,42.239099,-78.662332
14730,42.239099,-78.662332
14731,42.239099,-78.662332
14737,42.239099,-78.662332
14741,42.239099,-78.662332
14743,42.239099,-78.662332
14748,42.239099,-78.662332
14751,42.239099,-78.662332
14753,42.239099,-78.662332
14755,42.239099,-78.662332
14760,42.239099,-78.662332
14766,42.239099,-78.662332
14770,42.239099,-78.662332
14772,42.239099,-78.662332
14778,42.239099,-78.662332
14779,42.239099,-78.662332
14783,42.239099,-78.662332
14788,42.239099,-78.662332
14048,42.304216,-79.407595
14062,42.304216,-79.407595
14063,42.304216,-79.407595
14081,42.304216,-79.407595
14135,42.304216,-79.407595
14136,42.304216,-79.407595
14166,42.304216,-79.407595
14701,42.304216,-79.407595
14702,42.304216,-79.407595
14703,42.304216,-79.407595
14704,42.304216,-79.407595
14710,42.304216,-79.407595
14712,42.304216,-79.407595
14716,42.304216,-79.407595
14718,42.304216,-79.407595
14720,42.304216,-79.407595
14722,42.304216,-79.407595
14723,42.304216,-79.407595
14724,42.304216,-79.407595
14728,42.304216,-79.407595
14732,42.304216,-79.407595
14733,42.304216,-79.407595
14736,42.304216,-79.407595
14738,42.304216,-79.407595
14740,42.304216,-79.407595
14742,42.304216,-79.407595
14747,42.304216,-79.407595
14750,42.304216,-79.407595
14752,42.304216,-79.407595
14756,42.304216,-79.407595
14757,42.304216,-79.407595
14758,42.304216,-79.407595
14767,42.304216,-79.407595
14769,42.304216,-79.407595
14775,42.304216,-79.407595
14781,42.304216,-79.407595
14782,42.304216,-79.407595
14784,42.304216,-79.407595
14785,42.304216,-79.407595
14787,42.304216,-79.407595
14098,43.502287,-78.229726
14103,43.502287,-78.229726
14411,43.502287,-78.229726
14429,43.502287,-78.229726
14452,43.502287,-78.229726
14470,43.502287,-78.229726
14476,43.502287,-78.229726
14477,43.502287,-78.229726
14479,43.502287,-78.229726
14508,43.502287,-78.229726
14571,43.502287,-78.229726
14410,43.464475,-77.664656
14420,43.464475,-77.664656
14428,43.464475,-77.664656
14430,43.464475,-77.664656
14445,43.464475,-77.664656
14450,43.464475,-77.664656
14464,43.464475,-77.664656
14467,43.464475,-77.664656
14468,43.464475,-77.664656
14472,43.464475,-77.664656
14506,43.464475,-77.664656
14511,43.464475,-77.664656
14514,43.464475,-77.664656
14515,43.464475,-77.664656
14526,43.464475,-77.664656
14534,43.464475,-77.664656
14543,43.464475,-77.664656
14546,43.464475,-77.664656
14559,43.464475,-77.664656
14580,43.464475,-77.664656
14586,43.464475,-77.664656
14602,43.464475,-77.664656
14603,43.464475,-77.664656
14604,43.464475,-77.664656
14605,43.464475,-77.664656
14606,43.464475,-77.664656
14607,43.464475,-77.664656
14608,43.464475,-77.664656
14609,43.464475,-77.664656
14610,43.464475,-77.664656
14611,43.464475,-77.664656
14612,43.464475,-77.664656
14613,43.464475,-77.664656
14614,43.464475,-77.664656
14615,43.464475,-77.664656
14616,43.464475,-77.664656
14617,43.464475,-77.664656
14618,43.464475,-77.664656
14619,43.464475,-77.664656
14620,43.464475,-77.664656
14621,43.464475,-77.664656
14622,43.464475,-77.664656
14623,43.464475,-77.664656
14624,43.464475,-77.664656
14625,43.464475,-77.664656
14626,43.464475,-77.664656
14627,43.464475,-77.664656
14638,43.464475,-77.664656
14639,43.464475,-77.664656
14642,43.464475,-77.664656
14643,43.464475,-77.664656
14644,43.464475,-77.664656
14646,43.464475,-77.664656
14647,43.464475,-77.664656
14649,43.464475,-77.664656
14650,43.464475,-77.664656
14651,43.464475,-77.664656
14652,43.464475,-77.664656
14653,43.464475,-77.664656
14692,43.464475,-77.664656
14694,43.464475,-77.664656
14414,42.727485,-77.769779
14423,42.727485,-77.769779
14435,42.727485,-77.769779
14437,42.727485,-77.769779
14454,42.727485,-77.769779
14462,42.727485,-77.769779
14466,42.727485,-77.769779
14480,42.727485,-77.769779
14481,42.727485,-77.769779
14485,42.727485,-77.769779
14487,42.727485,-77.769779
14488,42.727485,-77.769779
14510,42.727485,-77.769779
14517,42.727485,-77.769779
14533,42.727485,-77.769779
14539,42.727485,-77.769779
14545,42.727485,-77.769779
14556,42.727485,-77.769779
14558,42.727485,-77.769779
14560,42.727485,-77.769779
14592,42.727485,-77.769779
14836,42.727485,-77.769779
14846,42.727485,-77.769779
14415,42.638237,-77.104324
14418,42.638237,-77.104324
14441,42.638237,-77.104324
14478,42.638237,-77.104324
14507,42.638237,-77.104324
14527,42.638237,-77.104324
14544,42.638237,-77.104324
14837,42.638237,-77.104324
14842,42.638237,-77.104324
14857,42.638237,-77.104324
14878,42.638237,-77.104324
14424,42.856357,-77.303497
14425,42.856357,-77.303497
14432,42.856357,-77.303497
14443,42.856357,-77.303497
14453,42.856357,-77.303497
14456,42.856357,-77.303497
14461,42.856357,-77.303497
14463,42.856357,-77.303497
14469,42.856357,-77.303497
14471,42.856357,-77.303497
14475,42.856357,-77.303497
14504,42.856357,-77.303497
14512,42.856357,-77.303497
14518,42.856357,-77.303497
14532,42.856357,-77.303497
14537,42.856357,-77.303497
14547,42.856357,-77.303497
14548,42.856357,-77.303497
14561,42.856357,-77.303497
14564,42.856357,-77.303497
14585,42.856357,-77.303497
14529,42.266725,-77.385525
14572,42.266725,-77.385525
14801,42.266725,-77.385525
14807,42.266725,-77.385525
14808,42.266725,-77.385525
14809,42.266725,-77.385525
14810,42.266725,-77.385525
14815,42.266725,-77.385525
14819,42.266725,-77.385525
14820,42.266725,-77.385525
14821,42.266725,-77.385525
14823,42.266725,-77.385525
14826,42.266725,-77.385525
14827,42.266725,-77.385525
14830,42.266725,-77.385525
14831,42.266725,-77.385525
14839,42.266725,-77.385525
14840,42.266725,-77.385525
14843,42.266725,-77.385525
14855,42.266725,-77.385525
14856,42.266725,-77.385525
14858,42.266725,-77.385525
14870,42.266725,-77.385525
14873,42.266725,-77.385525
14874,42.266725,-77.385525
14877,42.266725,-77.385525
14879,42.266725,-77.385525
14885,42.266725,-77.385525
14898,42.266725,-77.385525
14805,42.419776,-76.938603
14812,42.419776,-76.938603
14818,42.419776,-76.938603
14824,42.419776,-76.938603
14841,42.419776,-76.938603
14863,42.419776,-76.938603
14865,42.419776,-76.938603
14869,42.419776,-76.938603
14876,42.419776,-76.938603
14887,42.419776,-76.938603
14891,42.419776,-76.938603
14893,42.419776,-76.938603
14814,42.15528,-76.747179
14816,42.15528,-76.747179
14825,42.15528,-76.747179
14838,42.15528,-76.747179
14845,42.15528,-76.747179
14861,42.15528,-76.747179
14864,42.15528,-76.747179
14871,42.15528,-76.747179
14872,42.15528,-76.747179
14889,42.15528,-76.747179
14894,42.15528,-76.747179
14901,42.15528,-76.747179
14902,42.15528,-76.747179
14903,42.15528,-76.747179
14904,42.15528,-76.747179
14905,42.15528,-76.747179
